0	9
793	3
0	4
1	3
1	4
462	5
422	3
2	4
2	5
2	6
2	9
2	10
2	11
2	12
2	13
933	3
3	632
4	5
4	6
4	411
4	47
4	316
5	6
5	7
5	8
5	9
5	12
6	179
6	10
6	667
308	8
8	12
75	8
9	738
10	11
10	14
0	15
1	15
2	408
3	15
4	15
5	15
6	15
11	17
14	16
0	16
1	344
2	16
3	447
4	16
7	17
0	17
1	17
2	605
3	17
4	17
5	389
15	18
17	18
0	18
1	18
2	535
3	18
4	18
477	19
1	19
2	19
3	19
4	19
273	19
6	19
1	20
2	20
4	20
5	20
11	20
30	16
170	18
19	21
20	21
0	21
1	11
2	21
3	21
4	21
8	22
10	22
11	22
17	22
18	22
0	22
1	22
17	23
18	634
19	23
294	22
0	23
1	161
2	23
17	24
22	921
23	24
465	24
818	24
2	24
3	24
11	879
17	25
19	25
626	25
23	25
24	25
515	25
18	26
21	26
22	26
23	26
24	288
25	433
0	26
21	27
22	27
23	446
24	27
25	27
26	27
0	108
17	654
22	79
23	28
869	28
243	25
678	28
27	28
11	29
14	29
17	29
18	29
151	29
23	540
24	29
22	30
907	30
24	347
25	30
26	761
27	30
28	30
26	31
27	31
30	31
1	31
7	31
10	31
16	674
0	32
1	32
4	32
9	32
16	32
17	32
811	32
7	33
11	33
17	33
22	33
23	33
24	33
25	496
0	34
1	34
7	484
18	34
183	34
23	34
24	34
20	35
22	35
23	35
24	35
25	35
26	35
990	27
15	36
20	36
381	36
23	36
477	24
25	36
26	36
18	856
22	150
23	37
24	242
25	37
669	26
27	37
0	38
1	38
11	38
20	38
22	38
23	38
24	38
33	39
36	39
38	39
0	971
1	39
4	39
5	39
33	40
34	125
35	89
11	40
20	127
550	40
23	40
207	41
743	715
17	41
22	41
23	41
24	41
120	41
26	42
33	42
453	411
39	42
1	42
553	42
17	469
38	43
0	43
1	43
2	43
10	43
229	43
23	43
17	44
809	44
20	44
21	222
22	44
23	146
24	44
22	45
902	23
832	45
25	45
26	45
27	45
28	45
18	46
22	46
23	46
24	46
111	25
26	46
616	46
17	47
332	21
22	47
23	47
24	47
25	47
26	47
18	48
22	48
23	48
98	977
25	48
26	48
27	48
6	49
407	49
800	275
17	49
22	49
395	23
24	49
44	50
0	50
5	50
16	50
18	50
20	50
22	50
50	51
1	51
4	51
18	377
22	51
145	23
24	733
38	52
44	456
50	52
51	52
0	87
4	52
5	52
611	48
1	53
5	53
765	53
916	53
22	53
23	53
0	54
411	54
958	54
23	54
24	54
614	54
26	397
35	859
38	55
39	420
50	55
482	0
1	905
3	55
38	56
44	56
47	56
0	56
137	56
2	56
9	56
18	57
22	57
23	57
24	57
923	57
26	57
27	57
20	58
22	58
583	23
24	58
115	58
26	58
27	58
44	11
53	739
56	59
0	59
18	59
22	161
23	59
44	60
505	351
11	60
20	60
22	60
23	60
24	141
22	61
23	61
24	61
598	61
26	61
27	61
28	61
22	62
23	62
24	62
25	62
26	62
27	62
28	62
47	63
59	63
259	0
1	63
458	63
22	63
23	63
515	20
22	64
23	64
24	64
25	64
26	64
27	64
62	65
63	65
0	65
5	65
7	65
11	918
565	12
39	66
44	66
50	66
54	66
60	66
64	66
0	66
50	67
57	67
385	896
0	67
1	67
2	67
5	96
422	28
30	68
34	68
40	68
41	68
44	858
54	68
38	69
42	69
45	69
48	69
439	69
978	69
641	63
905	70
18	92
20	70
22	70
23	70
24	70
25	70
5	71
268	71
22	71
878	23
306	24
25	71
26	71
35	72
47	72
784	72
5	72
11	72
22	72
23	72
0	73
8	73
17	73
22	73
23	73
24	73
25	73
47	74
50	74
53	74
57	74
6	74
17	74
18	74
22	75
792	23
24	75
25	14
26	75
27	75
460	28
35	323
38	76
50	76
55	76
60	76
0	492
1	76
66	77
74	77
75	77
0	77
3	77
5	77
17	77
57	78
63	78
64	78
75	78
97	76
77	78
0	78
38	330
312	79
292	79
451	79
62	79
67	417
71	79
50	578
75	80
0	80
1	80
14	80
559	287
23	56
77	81
79	81
0	81
1	81
11	81
22	81
23	81
15	82
282	82
23	82
24	82
25	82
705	82
27	82
44	83
50	83
57	83
59	83
77	83
2	83
634	8
39	84
51	84
54	84
57	808
670	58
59	84
63	84
760	22
23	392
24	85
661	85
26	85
27	85
28	85
22	86
23	86
24	430
353	86
26	86
27	86
28	86
22	87
23	87
24	87
25	87
26	87
27	87
28	87
22	88
23	88
24	88
25	88
26	206
27	670
28	88
42	89
44	89
40	48
513	89
53	89
57	89
60	89
4	446
6	90
11	90
22	90
23	90
24	90
25	90
508	87
89	91
345	1
11	91
15	91
22	91
487	23
74	92
75	18
0	91
557	4
20	92
22	92
23	92
89	93
18	93
22	93
23	93
382	24
238	93
26	93
73	94
75	94
79	94
638	88
89	154
0	94
2	94
832	95
50	95
62	229
63	95
0	95
2	95
3	95
0	611
7	96
539	14
359	16
17	96
22	96
23	96
20	97
22	97
23	97
24	97
25	97
26	124
27	626
332	98
51	98
58	98
59	98
63	53
74	179
81	98
951	675
84	99
89	99
853	93
1	99
7	99
22	99
72	423
83	100
89	100
90	100
92	100
685	703
11	100
87	101
96	101
0	101
1	101
11	898
17	925
18	101
68	102
773	51
83	102
87	102
88	102
89	102
93	102
87	103
92	103
93	863
108	99
0	103
1	103
2	103
10	104
11	104
15	104
17	104
20	104
22	104
533	23
97	105
0	105
139	68
19	105
22	105
23	105
24	105
66	106
87	54
101	106
0	106
1	7
2	106
5	106
389	107
22	107
23	326
24	107
25	686
830	107
352	27
57	264
59	108
64	108
68	108
89	473
96	108
102	108
0	109
1	109
5	109
7	109
11	16
743	17
575	109
20	93
22	110
23	110
24	110
25	110
26	110
503	27
23	111
39	111
40	46
44	438
47	111
521	111
98	111
109	112
8	112
11	112
18	112
20	112
875	22
23	112
17	839
18	113
214	19
22	113
23	113
24	113
25	113
22	114
23	114
24	114
25	114
26	114
27	114
28	203
30	115
33	225
36	217
38	115
955	115
584	115
45	115
930	62
676	116
84	116
94	242
67	116
387	116
99	242
95	117
105	117
218	111
113	724
621	117
7	117
445	117
71	118
74	118
76	118
77	118
83	118
928	719
113	188
59	119
69	119
539	119
983	156
83	119
87	119
92	119
61	120
88	120
70	418
96	121
104	120
112	120
0	120
226	24
27	121
872	31
37	121
38	121
43	121
939	121
21	333
22	122
23	232
24	122
25	122
315	26
27	122
35	123
36	123
585	123
820	123
157	123
57	819
59	123
87	124
88	511
96	124
642	101
102	124
113	124
119	124
113	669
124	356
0	125
1	125
2	125
4	125
20	561
107	126
124	126
125	126
0	126
1	126
6	126
17	142
266	96
583	983
113	127
1	127
15	127
17	127
22	127
114	128
735	115
124	128
125	128
126	128
127	128
0	128
20	129
22	129
549	23
24	129
25	129
755	392
27	129
124	185
125	130
126	130
40	130
146	128
17	130
18	130
0	131
1	131
5	131
6	131
11	131
311	15
17	131
124	132
232	132
0	132
2	163
4	132
5	132
7	132
18	133
22	133
23	133
24	133
25	133
907	26
27	133
511	134
34	134
38	134
559	44
50	124
51	134
59	134
113	135
121	135
124	135
129	135
0	135
6	135
878	135
11	136
17	136
22	367
23	136
24	136
25	136
26	136
627	137
17	671
22	137
23	137
24	137
25	137
566	1
63	138
74	441
76	138
89	138
110	138
118	138
119	138
112	226
113	105
114	139
124	139
127	139
0	139
3	139
105	140
733	106
113	140
114	858
119	140
124	140
125	140
34	141
38	141
259	39
50	141
102	141
52	444
57	141
84	142
93	142
322	142
101	142
712	142
108	142
581	142
118	143
121	513
109	143
129	143
126	427
0	143
686	143
108	144
113	144
126	144
130	144
131	144
132	144
142	144
59	145
202	76
87	145
89	338
99	145
108	51
124	145
50	146
72	146
75	866
78	146
82	146
93	424
706	146
14	147
18	147
22	147
23	147
384	147
25	147
26	147
125	148
127	148
134	148
141	148
0	148
1	148
10	148
31	149
33	149
36	149
39	206
44	149
47	149
789	50
94	150
102	150
106	150
439	111
114	150
124	150
125	315
97	151
101	151
114	151
118	41
124	151
396	151
139	151
82	320
87	152
89	152
99	152
203	155
696	109
113	152
35	153
39	153
42	153
44	153
50	189
508	57
68	153
14	154
16	154
22	181
23	154
24	154
25	154
26	154
118	739
124	155
125	155
127	155
132	155
142	155
148	155
6	156
18	156
20	730
22	156
23	156
423	24
25	156
76	157
0	157
4	157
59	157
22	157
23	157
24	55
99	158
113	158
124	158
131	158
139	158
677	158
141	158
25	159
35	159
38	159
39	159
48	159
50	159
51	159
731	72
84	160
87	160
89	160
90	160
219	890
113	160
141	161
142	161
146	161
147	161
148	113
149	161
152	161
73	162
84	497
88	162
89	225
835	113
124	162
126	162
3	366
682	19
584	163
23	163
24	163
401	163
26	163
148	164
149	266
152	164
155	164
2	164
5	164
22	164
131	165
134	754
138	165
148	165
151	662
152	165
331	159
113	166
114	166
124	166
137	205
139	166
147	166
148	166
742	74
87	167
98	167
99	167
104	167
113	167
124	167
136	168
145	168
148	168
151	168
152	168
161	168
167	168
158	169
0	169
8	169
11	233
17	169
18	169
22	169
100	170
108	170
112	170
113	170
124	170
125	170
846	170
635	134
143	171
147	171
148	171
151	50
153	171
162	171
600	315
74	172
87	172
89	172
97	172
124	172
693	131
43	173
57	173
59	218
67	173
71	173
77	173
89	85
81	174
87	174
93	174
96	174
108	174
111	174
113	174
1	185
4	175
911	175
11	175
22	175
897	23
821	175
108	176
112	176
114	176
124	176
125	176
126	176
139	176
89	177
99	177
101	177
112	322
118	177
124	177
125	177
160	178
166	178
169	178
170	178
175	215
0	124
2	178
44	179
45	179
235	47
50	179
51	179
52	179
57	179
44	180
46	180
181	180
53	180
947	180
72	180
74	180
118	181
124	181
125	618
501	126
137	181
142	181
148	181
143	182
148	182
993	149
151	182
152	182
932	153
190	182
102	183
111	183
117	183
147	183
148	22
149	183
152	64
75	184
78	184
27	184
124	184
125	184
126	184
136	184
175	174
179	185
180	185
5	802
22	185
23	185
24	185
50	186
906	651
59	186
63	186
76	186
78	186
81	186
179	187
182	187
732	187
973	187
15	187
22	187
656	64
152	188
161	188
163	188
166	188
170	188
179	188
181	188
69	798
84	189
87	189
474	189
98	189
108	189
113	189
188	190
189	38
386	190
6	190
106	190
9	190
22	190
166	191
167	39
22	170
179	191
180	191
185	540
189	191
145	226
871	192
375	192
149	192
155	192
159	192
81	192
179	193
181	193
188	148
189	193
750	193
91	14
17	193
36	194
653	194
44	474
558	561
57	194
74	194
213	194
148	195
50	152
156	195
161	131
162	195
970	167
179	345
121	196
761	196
260	196
127	196
132	196
133	196
148	196
191	197
171	197
57	457
59	197
60	197
77	197
102	197
22	198
23	198
24	198
58	198
26	198
27	198
28	198
107	199
109	199
113	199
124	199
805	125
126	199
135	199
50	200
51	337
53	200
69	200
71	200
72	200
628	200
90	612
96	201
106	201
995	108
111	201
113	201
124	201
82	638
83	202
87	134
96	202
797	776
830	101
106	145
860	128
130	203
131	203
114	646
152	456
170	203
935	203
921	524
194	204
196	114
198	204
202	204
475	204
5	204
545	0
1	205
7	205
11	629
109	205
18	205
530	205
83	206
89	227
101	206
97	206
113	206
124	206
125	206
88	207
89	207
93	0
98	207
99	207
102	207
106	207
588	196
205	208
0	208
11	74
22	208
23	208
24	208
17	209
22	209
23	209
24	209
25	209
26	209
27	209
134	210
135	210
136	210
137	441
318	210
142	210
143	210
0	211
6	211
7	211
12	934
14	211
22	330
23	211
81	212
645	870
84	212
87	207
88	212
92	398
793	93
30	213
982	31
740	213
50	213
53	79
56	134
59	213
875	130
146	214
148	214
151	257
152	214
155	214
161	214
196	215
197	215
940	215
560	215
207	215
0	215
397	215
73	216
74	216
77	216
924	216
94	216
102	216
113	216
140	217
146	217
844	148
149	217
150	217
152	217
159	217
124	218
125	218
133	218
879	117
173	152
162	218
166	218
161	124
172	219
179	108
180	219
181	219
185	219
188	219
131	220
136	220
139	220
142	382
143	220
148	467
37	220
195	221
196	221
211	654
0	221
1	221
467	4
645	221
50	222
580	222
68	222
75	222
77	222
401	81
83	222
74	223
82	223
447	223
102	223
107	223
108	654
123	223
208	224
218	224
0	739
1	269
14	224
17	224
18	346
162	87
94	225
117	11
662	225
126	225
127	225
128	225
232	124
125	226
139	26
148	613
192	153
159	226
441	226
94	227
779	227
117	227
124	227
131	227
133	227
134	227
170	228
175	228
179	519
180	228
188	228
189	228
191	228
446	229
79	229
83	229
84	229
89	22
113	368
124	229
179	230
189	230
196	230
202	849
206	230
211	230
212	230
79	231
86	231
113	231
264	231
132	231
355	231
140	231
136	232
945	125
738	141
142	232
148	232
155	232
167	232
44	233
50	233
316	56
346	59
183	233
74	233
75	233
390	234
171	234
173	234
174	234
179	234
181	234
185	281
0	179
2	235
6	235
11	956
16	235
667	241
23	235
30	236
883	236
765	44
48	236
50	236
233	289
57	236
506	134
135	237
148	237
152	237
894	154
158	237
161	237
206	238
211	238
215	25
225	238
226	238
227	238
229	238
162	342
180	239
181	75
182	239
185	239
189	232
206	239
168	240
174	240
175	240
177	240
179	240
181	240
243	240
94	241
235	155
161	241
162	241
163	241
884	293
595	241
133	242
142	242
148	242
149	242
152	242
153	242
164	600
87	182
102	28
99	243
109	243
114	488
124	243
134	808
142	364
286	952
147	77
148	244
26	151
153	244
161	244
227	245
469	245
237	245
240	245
242	245
749	243
244	245
2	246
69	246
560	246
76	246
79	181
84	563
87	246
22	247
867	247
24	247
25	247
380	247
27	247
442	28
124	248
126	248
133	248
142	248
148	248
162	248
165	248
206	249
215	249
218	249
221	249
227	189
230	249
232	249
148	250
714	250
154	250
163	250
164	250
166	250
167	250
131	251
135	251
815	286
153	251
161	399
163	251
177	251
59	252
75	252
97	252
102	252
543	252
113	252
204	252
64	253
71	253
72	253
74	253
82	253
85	253
86	253
35	254
38	254
44	113
47	619
50	254
57	254
83	254
237	255
410	247
836	255
251	255
514	5
11	255
12	255
677	109
124	831
127	256
114	256
164	275
539	256
166	256
153	132
144	257
148	257
151	189
232	152
934	327
160	490
977	711
486	97
124	258
125	258
126	258
260	258
133	258
148	259
149	259
151	161
163	908
166	259
168	63
179	259
180	260
63	261
64	125
75	545
89	124
96	260
104	260
193	261
206	261
210	261
128	211
960	261
219	261
229	362
108	262
848	113
438	118
124	262
125	262
126	329
127	262
22	263
23	359
130	24
768	263
26	263
329	27
28	263
68	264
71	264
75	264
77	264
108	81
84	126
89	264
742	233
241	265
321	239
244	715
262	265
0	265
11	265
995	17
22	266
23	266
24	266
25	266
26	756
27	293
75	267
87	267
92	267
93	267
100	267
549	267
112	267
188	268
189	11
193	268
194	268
196	268
197	268
215	268
42	269
44	269
45	269
50	269
56	679
564	57
60	269
36	270
39	270
42	384
44	270
50	270
59	270
72	270
127	271
138	271
147	271
983	152
153	271
157	271
162	564
215	272
221	272
236	272
239	272
240	272
244	272
247	272
206	273
208	273
214	5
215	273
217	273
218	273
229	273
5	274
995	274
11	274
16	274
17	274
551	274
23	274
11	275
21	275
215	275
23	275
359	24
25	275
26	275
181	276
185	276
420	276
191	276
194	276
196	276
206	276
178	277
216	277
802	277
115	277
227	979
229	277
237	277
124	264
5	278
16	278
432	21
22	278
23	278
463	278
148	279
153	279
155	279
160	279
161	534
361	279
179	279
415	167
676	280
175	280
179	280
626	740
182	280
186	102
108	281
134	484
360	145
148	281
149	20
150	281
153	281
180	282
834	282
202	282
206	282
214	282
237	22
192	282
97	283
505	283
114	283
259	226
119	77
124	283
125	283
124	284
440	284
134	284
148	284
151	284
158	284
179	284
269	524
274	285
289	276
279	285
588	281
0	285
1	285
148	145
152	75
153	286
275	155
159	286
160	286
773	286
26	287
27	287
37	287
44	287
449	287
50	287
68	22
42	604
44	288
50	288
106	288
427	56
57	330
64	288
235	289
239	289
242	289
244	289
245	289
269	289
270	289
255	290
258	290
264	290
265	290
276	290
286	290
0	290
17	291
22	291
23	291
24	291
25	291
26	291
660	291
63	7
76	292
80	292
84	292
87	292
105	195
108	292
148	293
241	149
266	150
151	293
152	293
153	596
155	293
499	294
215	294
232	294
236	869
874	244
256	23
265	294
87	17
89	131
93	295
113	954
121	295
964	124
24	295
87	296
106	296
124	296
128	296
131	296
134	296
762	296
235	297
236	297
252	297
259	297
260	297
266	297
275	162
266	401
269	330
273	472
577	298
4	406
11	298
15	298
620	889
125	299
127	299
132	299
136	299
148	299
149	299
113	467
117	516
124	300
125	300
132	300
453	329
140	300
847	191
23	301
24	301
25	301
448	26
27	301
28	301
225	420
229	302
242	578
252	302
259	916
262	302
264	302
0	303
4	303
7	303
10	303
14	303
22	303
23	303
877	304
102	304
522	109
862	304
124	304
125	875
126	304
20	305
22	305
23	494
24	305
25	305
26	328
27	479
113	306
124	306
125	306
141	306
143	71
147	306
148	306
63	307
69	666
72	307
75	307
740	307
89	645
92	307
226	308
231	308
232	308
238	308
250	308
259	19
261	308
643	309
564	179
180	309
185	309
215	309
216	309
231	309
134	310
146	310
147	310
193	310
152	310
90	310
156	310
145	15
652	311
152	311
153	311
161	311
164	139
169	845
600	137
857	465
248	312
276	312
281	312
286	324
301	312
632	687
35	313
875	313
49	313
50	313
53	313
59	313
97	314
99	441
107	314
124	25
125	314
134	314
135	561
204	405
206	315
208	788
211	315
150	231
242	315
248	315
113	51
124	316
125	316
131	316
13	134
139	316
140	316
315	317
853	316
0	317
1	317
11	317
800	22
23	317
111	318
116	318
124	318
125	318
126	139
127	498
129	318
244	319
259	319
353	264
268	114
931	319
260	287
289	319
241	320
245	22
250	320
259	320
649	260
274	320
275	320
214	265
215	321
222	321
227	321
229	321
230	321
232	321
37	322
39	322
42	322
50	737
177	67
422	69
71	322
286	323
775	289
848	291
295	647
317	323
0	323
8	323
209	324
211	324
221	324
222	324
232	324
233	324
237	324
237	325
241	325
429	325
870	325
270	325
49	325
276	325
249	326
676	326
259	488
17	326
269	661
276	326
283	326
215	527
225	327
206	330
232	327
237	327
239	327
244	327
305	309
312	328
315	328
316	328
317	328
323	328
0	328
193	329
198	329
200	329
444	212
262	22
223	16
230	329
298	211
215	330
218	330
44	79
288	232
244	330
251	330
942	165
316	331
0	331
6	331
16	57
17	331
22	331
281	332
289	47
304	464
622	440
873	150
316	50
317	332
568	17
315	333
907	316
0	333
1	333
11	333
16	333
168	334
179	599
185	716
186	334
188	334
189	334
206	334
26	121
881	335
38	553
42	335
44	335
50	335
51	335
168	336
176	336
179	336
181	336
185	336
596	193
196	336
315	337
200	816
317	337
318	337
326	337
330	337
0	337
189	338
194	338
630	338
88	338
211	338
242	338
243	338
113	339
813	339
128	339
133	339
134	339
135	339
147	339
390	148
152	340
555	155
162	898
258	583
173	340
176	340
66	341
79	341
82	341
980	341
84	341
92	341
97	341
166	342
167	342
170	342
179	466
188	342
192	342
473	196
76	343
81	343
82	343
84	343
90	343
888	93
98	343
22	344
23	344
24	344
25	344
26	344
27	746
28	344
562	67
69	345
79	345
446	92
87	345
98	345
107	345
113	346
114	346
120	233
124	346
964	126
131	346
133	346
68	20
575	73
75	347
81	347
82	517
84	901
94	347
59	348
68	348
88	348
108	348
111	348
113	348
124	348
35	349
36	349
38	349
47	375
50	148
68	349
75	349
113	350
124	350
125	350
127	350
134	350
147	401
525	350
118	465
120	351
124	351
125	351
127	684
139	973
142	83
315	107
316	352
317	352
740	352
323	352
329	352
333	352
284	417
289	353
295	353
303	25
305	353
641	353
316	657
68	354
461	74
78	852
91	434
97	354
105	354
108	354
56	355
57	355
71	139
763	355
75	355
76	355
83	355
206	356
209	356
218	356
232	356
236	356
237	356
248	356
93	357
113	357
119	357
124	357
133	357
360	357
148	357
237	102
240	358
246	358
252	358
259	358
260	358
856	358
179	96
487	826
188	359
263	189
190	875
194	275
195	359
62	281
68	484
71	360
74	134
75	514
76	360
83	360
852	60
62	361
67	361
74	166
485	77
82	361
931	361
261	72
75	362
148	362
87	362
89	362
90	362
92	362
299	363
301	363
315	363
322	363
324	363
331	363
333	363
262	364
265	364
267	364
269	364
244	185
276	364
277	364
323	316
327	365
330	365
333	365
334	365
337	816
195	365
148	366
150	540
152	366
181	366
861	366
249	163
193	282
933	315
322	367
323	367
136	312
327	367
333	367
341	367
206	368
221	368
223	368
227	368
352	368
229	242
244	368
30	369
377	35
39	369
44	369
54	369
59	369
71	369
289	370
293	370
560	370
305	370
309	370
323	370
324	370
213	371
458	225
227	180
239	371
244	371
259	371
264	371
63	450
24	372
90	372
97	372
113	372
124	372
129	372
289	373
740	295
331	964
304	787
305	373
306	373
315	373
0	374
9	140
17	374
20	374
22	374
23	374
24	374
181	301
188	375
189	375
196	287
200	905
206	148
215	375
43	376
283	376
804	448
828	376
315	376
316	376
319	376
139	377
802	377
237	377
245	377
251	369
51	259
260	377
612	103
113	378
114	378
615	118
984	645
137	490
148	319
24	379
26	379
39	379
42	379
47	124
457	379
64	379
80	380
303	380
239	380
83	380
96	380
113	776
139	380
300	381
337	22
741	381
345	381
346	229
357	381
367	381
7	382
152	382
163	382
166	93
176	382
220	179
180	382
179	148
180	383
182	738
939	183
949	383
118	383
192	215
295	384
301	515
270	307
309	384
315	384
316	24
318	384
180	390
185	385
186	846
153	385
206	385
211	67
216	385
102	386
108	386
113	0
121	386
124	386
125	386
127	386
733	387
99	387
379	387
131	387
332	145
795	472
152	387
66	388
75	388
77	388
79	244
81	388
83	388
84	388
17	367
375	389
377	17
807	389
382	389
0	389
292	389
240	340
244	390
255	390
276	390
295	140
409	315
316	390
324	391
585	762
595	391
333	391
337	681
340	391
344	391
242	392
243	392
246	392
26	248
252	392
262	392
270	392
683	393
57	393
71	393
74	393
424	85
738	393
89	393
324	394
330	394
333	394
334	394
342	394
344	394
346	394
57	395
62	395
75	513
697	395
28	395
87	395
89	488
177	396
178	396
179	132
180	396
186	237
188	396
196	396
323	397
324	3
326	397
758	397
337	130
54	338
345	397
196	398
218	398
225	398
230	398
232	398
236	398
242	398
390	399
394	399
0	399
1	663
5	399
8	399
11	399
164	4
166	492
167	75
168	400
596	174
179	400
181	81
344	480
356	25
830	890
982	401
390	5
391	401
942	401
329	402
330	402
333	402
337	527
344	402
737	350
357	402
54	403
59	403
62	403
66	403
74	403
83	403
90	403
275	404
276	404
297	725
301	130
304	404
309	404
310	404
315	405
316	405
785	405
318	405
319	405
320	405
322	405
259	68
264	685
266	406
269	406
274	406
275	406
276	406
11	407
20	137
22	407
23	407
449	407
25	407
26	10
973	166
174	408
179	408
798	408
15	206
218	408
237	613
162	390
163	409
164	409
179	409
801	59
181	409
182	409
1	255
4	514
11	410
15	410
22	410
23	410
24	410
42	150
152	18
161	893
166	411
179	411
181	411
185	464
215	412
95	412
122	412
235	412
259	412
260	412
264	412
54	413
56	809
69	413
76	413
82	413
89	413
92	125
312	414
315	414
316	414
333	414
336	414
338	414
344	898
113	415
119	415
122	280
97	415
125	415
133	415
136	415
333	416
997	334
341	416
345	416
346	416
421	354
461	416
319	262
266	417
269	893
271	417
79	275
287	417
289	417
400	418
402	418
403	25
11	418
934	19
21	418
24	418
604	419
88	419
399	89
96	419
99	419
254	419
114	419
251	849
230	288
702	257
234	190
195	235
396	420
244	420
87	421
93	421
118	421
124	416
125	421
126	330
127	421
179	422
192	2
199	422
211	96
213	422
215	422
232	560
1	423
2	423
5	423
11	156
17	423
18	423
22	423
382	393
390	424
394	716
396	424
251	244
401	424
404	424
43	425
48	425
50	425
53	425
55	425
57	462
62	425
136	426
142	426
147	426
148	426
149	426
152	426
164	48
143	22
23	427
24	427
25	427
26	317
27	288
28	427
920	309
315	97
316	428
317	428
320	428
325	428
326	428
330	429
337	665
623	429
345	429
357	244
362	429
365	429
86	124
125	430
721	147
148	430
151	430
152	430
154	430
47	431
50	431
378	56
57	431
75	431
76	431
244	431
396	432
464	432
142	420
1	278
18	432
22	432
23	432
26	249
264	433
268	433
269	433
272	433
292	433
312	433
113	434
124	434
126	434
127	434
132	460
354	133
213	434
166	435
175	655
181	435
183	435
185	435
186	435
196	435
127	153
132	436
139	436
142	436
148	436
149	436
152	469
267	437
275	437
289	437
301	437
576	437
309	810
315	437
364	438
368	438
369	438
370	438
376	438
377	438
384	438
232	150
236	439
242	439
244	439
248	50
250	439
257	439
281	127
285	440
315	440
323	722
329	482
334	440
340	305
258	473
210	115
262	441
269	441
814	138
289	161
290	441
188	527
189	442
191	442
196	442
206	442
211	442
215	442
327	443
333	527
172	545
344	443
353	443
356	443
357	443
333	444
334	329
337	444
342	444
353	444
354	444
356	444
203	445
212	445
215	445
217	554
295	508
251	445
259	445
759	342
346	446
348	446
350	446
68	446
356	74
344	357
142	447
44	447
148	447
16	149
150	87
156	818
162	447
248	448
252	448
268	448
270	448
376	272
256	448
945	283
161	449
164	449
168	449
516	177
178	449
179	449
180	47
446	450
448	450
735	450
1	450
2	450
372	3
131	450
0	57
5	451
19	451
862	451
407	451
24	451
25	451
420	452
431	452
855	443
0	452
5	681
22	452
23	3
455	453
142	453
145	453
148	453
150	453
151	35
152	133
174	454
178	454
179	454
180	454
192	454
196	454
215	454
244	455
245	455
249	455
252	455
264	455
224	455
275	132
108	456
114	456
152	124
143	456
147	456
676	349
151	456
179	457
180	457
185	457
606	186
188	457
189	457
656	54
124	458
797	458
142	18
462	148
149	458
332	371
152	458
435	459
438	459
0	459
1	459
5	459
11	459
676	18
386	460
394	75
397	460
402	758
100	460
431	460
436	460
426	356
431	461
439	461
455	461
457	738
458	461
460	461
162	333
425	171
178	462
179	462
180	1
185	462
186	458
5	463
482	463
7	24
11	463
17	463
320	463
23	463
167	401
170	464
179	464
186	464
187	464
878	188
189	464
312	166
168	465
171	465
189	0
964	192
215	465
230	465
154	54
530	466
111	466
113	466
913	319
122	466
128	472
206	467
223	221
259	300
227	467
232	467
233	467
237	467
289	468
301	921
305	468
795	468
314	468
315	468
319	468
74	469
84	469
93	469
109	469
113	469
119	228
124	469
149	470
151	461
153	470
157	540
159	470
160	470
161	564
684	471
23	471
24	471
25	471
26	560
700	27
28	471
143	472
148	472
149	472
150	472
151	472
152	472
161	35
680	473
788	244
248	342
251	473
259	473
289	473
299	473
202	474
204	474
213	121
214	474
216	474
221	515
232	474
256	475
903	475
264	475
912	234
301	44
576	0
315	475
79	476
89	476
97	476
98	476
101	476
124	476
128	476
306	477
315	477
324	477
330	477
333	36
339	0
895	616
436	478
792	478
460	478
472	478
495	478
474	478
475	478
377	479
378	479
382	479
391	467
394	479
305	414
416	479
189	480
206	480
209	480
214	480
225	480
229	480
222	243
168	481
344	481
345	232
224	481
275	356
998	481
378	481
440	221
223	55
225	482
598	226
232	534
552	482
242	6
469	483
472	830
108	483
474	483
475	483
476	568
0	483
62	484
71	484
281	72
73	484
74	484
656	79
89	484
953	700
2	936
5	485
8	485
11	871
21	485
22	485
309	486
312	486
850	315
333	113
338	486
344	486
125	486
411	359
416	487
417	487
438	487
458	809
459	487
460	91
169	488
179	878
181	457
942	183
185	488
326	186
243	187
177	489
179	489
130	489
187	489
189	489
75	196
215	573
63	490
74	490
378	82
84	490
96	181
97	490
123	666
431	491
436	491
604	491
439	432
443	491
23	456
457	491
86	492
92	492
76	93
95	492
105	492
400	112
113	492
375	493
388	493
399	493
402	703
405	493
406	493
427	493
140	494
148	494
149	494
150	494
151	494
152	494
161	494
89	495
94	495
916	102
115	495
124	495
125	495
904	473
81	496
83	496
89	496
98	496
108	496
113	496
124	496
164	497
166	497
177	497
179	497
181	497
184	591
185	497
318	469
472	498
473	120
474	498
475	498
477	498
485	498
89	211
113	499
624	499
127	460
147	499
151	499
152	499
113	500
124	500
128	500
131	500
136	500
140	500
143	500
472	181
441	501
474	501
475	501
486	501
491	501
493	501
642	502
5	218
225	500
227	502
713	502
240	502
37	502
196	110
197	503
710	198
215	503
222	503
887	503
237	503
75	504
95	504
104	504
113	504
124	504
125	504
760	504
416	505
417	101
420	5
425	505
763	429
438	505
442	505
367	506
370	237
387	506
390	506
402	506
403	506
406	506
491	507
493	507
494	507
2	507
9	507
10	507
838	267
367	508
370	508
527	375
378	508
382	193
384	508
394	508
295	509
305	509
306	509
715	509
320	509
322	509
331	509
382	510
384	510
630	394
396	510
401	510
402	510
406	510
124	234
239	511
244	511
247	511
248	30
251	511
254	511
402	512
403	512
955	512
298	512
428	512
437	512
438	554
108	513
110	513
113	179
114	513
124	513
128	50
140	513
87	514
92	514
111	514
113	514
124	514
125	514
970	126
154	515
158	515
162	64
384	166
181	0
187	515
189	515
416	516
419	516
426	24
300	843
435	516
436	516
813	443
247	517
248	517
259	517
268	517
274	517
276	517
277	517
436	518
159	518
59	518
164	518
166	518
167	518
175	518
9	519
22	519
23	519
228	24
25	519
26	519
27	519
283	520
370	286
290	520
301	520
317	520
329	520
337	520
265	521
267	521
269	665
275	50
276	521
283	521
292	521
317	522
462	522
336	142
338	522
341	522
346	304
356	522
221	523
965	523
793	237
242	523
244	523
833	252
266	523
415	616
416	524
420	524
285	436
446	524
453	524
457	524
722	525
457	148
460	525
464	525
843	525
670	472
581	457
509	526
510	526
599	526
0	642
2	526
14	526
22	526
309	508
312	527
315	527
316	735
317	527
326	527
330	527
131	528
139	528
140	528
143	528
71	528
148	528
149	528
788	469
472	529
473	529
474	529
480	529
540	529
494	529
383	530
921	227
235	530
238	22
239	698
241	121
255	530
420	531
430	531
431	531
436	531
998	531
440	531
27	531
72	532
78	532
84	532
87	532
108	532
113	532
125	532
124	533
128	533
971	141
148	104
151	533
153	533
206	533
515	534
517	534
520	534
524	534
527	534
279	0
571	1
307	535
308	535
309	208
315	535
317	535
330	535
18	151
9	536
11	536
17	536
19	536
22	536
23	536
24	536
148	537
149	537
777	537
160	537
164	537
167	537
178	537
779	538
470	538
472	873
473	538
474	538
475	538
476	813
73	795
80	539
81	165
85	539
86	96
89	539
93	147
50	493
57	540
458	68
366	69
470	71
74	540
89	540
8	541
185	541
186	541
193	741
206	541
218	541
227	541
230	542
237	542
248	542
255	647
264	542
269	542
270	542
524	543
443	124
534	467
538	637
6	543
15	543
884	543
90	544
95	544
819	544
113	544
116	544
604	544
131	544
167	545
724	545
176	545
982	545
179	545
180	205
181	972
756	546
188	546
257	546
192	225
196	546
200	546
202	546
150	547
151	547
152	547
159	547
161	547
162	547
163	547
370	548
375	548
388	548
399	151
406	548
420	548
422	548
568	549
409	549
416	103
420	549
441	549
141	129
472	549
467	22
468	550
472	550
473	550
474	626
475	550
476	550
416	551
446	551
461	551
465	551
467	551
469	551
472	22
342	552
745	778
345	552
346	552
356	552
358	552
369	552
263	257
259	185
335	264
275	553
276	553
281	684
285	553
436	554
440	554
450	554
457	554
460	554
464	554
445	220
443	555
460	340
467	555
472	555
473	555
474	555
597	555
325	556
326	513
329	734
330	556
333	556
334	556
335	25
467	557
469	557
470	92
472	557
473	557
474	557
475	557
74	558
77	194
84	558
85	558
87	558
88	558
94	700
265	738
266	559
269	559
275	559
277	80
281	559
309	134
425	618
428	304
429	560
431	74
808	560
457	560
461	206
974	433
439	561
998	561
457	50
479	561
472	561
125	473
560	562
0	562
1	562
2	943
18	562
22	345
23	562
493	563
679	563
497	563
498	563
633	563
517	563
522	563
493	564
494	564
513	309
514	564
525	151
527	269
534	564
232	565
233	565
235	194
244	565
246	565
23	251
259	565
152	26
161	566
933	163
169	566
175	566
180	566
185	566
564	567
566	567
0	567
1	567
8	814
9	567
16	567
432	568
436	568
439	408
442	568
448	305
457	568
460	568
618	569
189	569
192	569
200	569
215	872
769	631
225	569
96	570
113	570
114	570
124	570
127	570
895	570
134	514
329	732
773	571
337	267
357	534
359	571
370	571
377	453
997	261
571	572
274	572
796	275
276	572
543	572
987	572
182	516
517	573
527	573
534	573
536	573
540	573
577	549
529	574
534	574
544	574
545	574
548	574
551	574
556	574
245	575
978	246
255	575
60	575
260	18
583	261
164	575
81	305
83	576
87	576
88	576
90	576
98	576
108	305
457	577
460	577
462	856
469	297
258	489
473	577
474	577
457	578
462	578
464	578
465	578
629	578
472	578
956	473
666	479
480	579
493	579
494	579
501	579
160	579
556	826
170	580
174	60
177	580
179	580
180	580
490	580
183	630
506	581
511	581
460	514
517	581
521	525
524	581
527	113
95	582
99	582
628	582
113	582
119	582
124	582
125	582
373	167
375	997
377	630
882	583
380	583
388	674
396	769
181	584
185	44
186	584
621	584
196	22
197	584
202	154
169	585
187	585
189	585
201	585
204	38
210	585
211	327
71	493
87	586
98	586
111	586
113	586
114	586
124	586
47	587
724	49
50	587
51	587
54	587
59	587
63	427
698	588
583	82
586	588
2	588
769	18
19	208
20	588
199	90
106	313
109	589
113	589
124	589
125	589
126	589
408	590
723	590
55	590
423	590
429	590
884	590
438	590
414	591
425	866
497	446
448	630
460	591
467	591
472	591
522	592
748	592
159	697
162	592
163	592
164	592
176	592
427	593
331	593
333	593
334	593
337	593
342	593
344	593
514	594
517	594
518	594
520	594
175	594
527	594
990	528
134	331
778	113
126	186
127	595
133	595
312	595
732	151
147	596
151	596
158	596
721	160
293	23
162	596
169	336
50	597
53	597
62	597
75	475
83	131
110	597
108	597
434	25
464	598
42	470
298	598
477	755
491	482
493	598
597	599
0	599
711	599
938	18
19	255
22	599
334	737
26	600
50	600
57	237
58	600
242	59
61	172
72	600
71	601
72	601
75	601
87	925
89	601
97	601
113	601
22	602
23	602
24	602
556	602
897	26
27	602
28	602
315	735
319	603
322	603
107	125
329	865
331	603
333	603
72	604
74	124
79	604
96	438
97	604
103	379
106	604
534	605
536	605
776	545
549	605
551	605
333	564
565	605
708	135
136	606
142	606
147	606
148	606
548	606
152	606
436	134
440	607
779	607
460	315
543	607
469	607
472	607
281	608
22	802
23	608
121	608
25	608
812	608
27	608
593	609
596	609
599	609
0	609
1	609
8	641
930	609
83	610
87	610
102	610
104	610
804	610
820	610
787	136
232	816
234	611
237	53
238	611
241	611
617	46
249	448
405	612
438	612
456	612
457	378
472	612
473	612
565	612
99	613
113	613
117	613
474	613
124	613
128	613
134	613
34	25
472	614
152	42
47	614
50	614
56	614
187	614
124	431
125	615
195	615
132	615
142	615
144	124
148	615
75	616
76	27
477	81
90	616
524	280
108	609
113	616
295	617
142	617
148	564
151	617
158	611
164	617
716	167
68	305
309	618
315	618
181	322
327	618
333	618
709	618
109	619
124	619
603	153
126	619
134	619
139	619
140	619
613	620
617	620
0	620
1	620
4	620
11	620
12	124
918	2
132	621
711	133
140	621
417	621
148	621
337	188
448	622
457	807
458	622
465	146
23	853
468	622
472	622
527	623
528	623
551	623
553	974
558	344
617	623
80	623
108	624
111	624
161	624
202	624
831	624
125	624
404	118
483	481
772	625
493	625
33	502
213	625
517	687
525	625
331	626
338	22
354	626
916	356
357	626
370	626
390	181
118	15
128	214
131	627
132	627
135	627
147	627
148	627
859	260
491	628
148	495
149	628
564	111
152	628
156	628
357	629
358	629
367	68
370	469
349	629
378	629
384	629
596	630
606	630
609	722
613	630
614	196
628	25
0	630
275	631
287	631
236	631
305	218
309	631
315	631
316	631
323	793
333	632
334	632
342	34
786	632
356	22
357	632
89	633
113	633
114	633
124	633
126	633
597	633
132	633
356	634
373	634
375	634
378	634
749	634
401	634
406	83
423	635
433	635
458	635
467	635
598	635
472	635
473	171
84	435
440	636
488	636
459	636
469	636
472	636
473	636
410	637
416	826
422	637
425	637
438	381
445	810
281	301
353	638
355	638
356	638
359	94
367	638
370	638
202	373
309	639
315	639
317	639
326	639
329	639
330	639
331	639
575	640
576	640
588	640
592	640
600	640
602	640
408	640
396	641
408	641
435	69
441	641
609	448
457	315
458	641
632	642
633	215
702	642
638	642
4	278
11	642
22	642
84	643
87	164
88	643
113	436
122	643
124	643
140	643
56	880
60	644
406	691
81	644
87	644
92	763
94	644
415	645
420	645
433	645
24	645
588	448
457	5
134	461
262	646
267	82
276	646
282	646
304	646
315	646
316	646
214	647
216	647
227	274
238	647
57	647
249	647
323	225
655	648
79	648
80	648
772	648
87	648
89	648
96	648
152	337
344	649
356	649
357	649
370	649
373	649
390	649
443	650
455	650
457	921
460	650
467	650
845	476
473	650
609	651
620	784
917	651
629	651
630	56
257	514
637	651
394	652
401	148
416	652
107	652
611	652
453	652
457	652
603	653
605	653
608	282
622	653
624	653
628	653
633	317
232	654
235	654
237	654
338	238
241	654
955	28
221	251
375	489
435	378
380	655
389	655
401	655
402	655
426	655
286	193
100	656
113	656
114	656
115	360
118	23
124	656
628	657
633	657
642	657
651	657
654	553
655	657
0	657
84	658
109	658
113	658
114	658
121	658
124	658
125	838
401	659
880	811
410	314
420	659
434	659
191	659
461	659
239	660
244	660
250	660
252	660
253	27
263	660
273	660
373	25
326	375
385	661
394	661
401	661
63	716
406	661
538	662
545	877
827	125
552	662
553	653
554	662
165	560
113	663
419	118
124	663
125	663
131	663
148	663
149	663
319	664
322	664
325	664
330	664
333	664
336	664
337	685
402	665
416	665
892	142
429	418
438	665
442	665
521	453
63	666
71	579
307	79
81	666
651	83
89	666
93	666
433	667
446	667
448	667
457	667
483	22
461	667
13	888
297	668
164	668
166	668
170	668
179	668
181	668
182	668
410	669
859	125
422	669
423	674
425	669
435	669
438	669
416	670
420	525
434	670
435	670
438	670
448	84
457	670
247	317
248	671
249	671
251	671
137	258
259	671
271	671
84	672
88	672
436	672
96	672
358	697
874	911
397	672
124	673
128	673
130	673
142	673
148	673
152	461
791	166
478	674
480	674
583	487
488	674
31	490
491	37
493	674
507	83
509	675
88	675
347	675
524	675
525	675
526	675
527	676
533	251
885	456
541	459
545	654
553	63
564	676
493	677
501	677
510	677
517	677
525	256
533	677
539	140
950	166
168	678
179	678
185	678
186	678
187	678
188	26
394	679
397	494
399	44
401	679
402	679
410	243
420	679
329	680
984	680
336	238
337	680
345	680
356	680
357	680
175	681
178	681
179	681
185	681
200	681
201	681
206	390
242	682
251	682
255	682
259	682
264	356
266	163
275	682
259	683
265	683
267	683
988	683
960	285
301	683
307	683
714	510
294	351
514	684
517	22
518	684
522	684
805	524
109	709
124	685
131	685
134	78
138	685
147	685
151	685
510	169
396	4
401	686
402	686
413	686
420	686
434	686
426	908
431	687
435	687
438	687
439	608
442	85
448	687
605	688
609	688
613	688
960	688
628	688
632	688
6	688
4	689
11	689
838	14
22	689
23	689
24	689
25	689
734	690
22	690
23	690
24	690
25	690
26	690
27	690
282	691
288	691
293	691
300	691
312	691
872	122
644	316
522	692
524	692
527	692
545	692
553	692
563	948
564	692
50	338
57	693
59	693
73	693
52	693
89	693
90	693
588	694
603	694
613	694
622	694
580	694
633	694
639	694
678	695
681	695
685	695
689	695
0	695
1	695
6	695
472	696
473	696
474	696
475	614
650	696
477	696
478	696
353	697
592	957
356	672
361	697
362	697
367	697
283	370
493	698
494	698
302	495
496	698
497	698
498	698
510	698
992	265
268	699
269	699
275	699
276	699
290	699
296	699
310	700
315	471
365	700
317	700
326	0
558	333
341	700
534	701
545	701
546	701
512	701
560	701
564	701
567	701
305	702
315	702
316	702
740	317
323	634
948	329
185	333
113	703
493	114
118	703
122	100
124	703
126	703
131	703
452	624
626	704
591	704
639	704
658	704
662	704
664	932
108	705
110	705
113	26
124	705
40	705
131	705
134	705
17	105
18	706
21	706
22	706
23	706
24	706
25	706
499	707
514	707
524	707
526	707
527	707
482	737
535	707
352	708
356	708
357	708
358	708
367	708
373	708
375	606
111	874
113	709
114	709
115	709
335	709
882	145
685	142
227	710
228	710
229	710
235	710
244	710
245	503
259	710
650	621
263	711
654	711
672	87
676	711
677	711
792	14
274	712
282	712
375	712
289	712
315	712
671	712
326	712
577	713
315	713
316	713
324	713
330	713
333	713
481	336
708	553
709	714
712	151
0	714
1	714
7	714
15	714
530	715
545	315
546	715
566	715
799	578
583	715
588	316
102	716
735	122
969	123
437	617
135	716
139	716
142	716
488	717
493	717
494	717
496	717
162	717
508	717
510	717
760	718
503	718
930	718
514	718
517	718
978	718
524	718
118	886
387	719
394	719
415	475
419	719
427	719
431	719
27	720
166	720
45	720
50	720
51	720
53	720
205	720
681	721
682	430
683	400
690	721
699	721
704	721
707	721
276	722
980	722
440	278
285	450
289	722
308	722
309	722
307	723
312	723
316	723
322	723
323	723
326	416
421	723
490	724
493	724
494	587
74	724
498	175
508	225
514	724
62	725
73	725
400	725
79	725
83	725
88	725
89	725
498	726
508	726
143	726
514	823
524	726
527	726
529	726
188	727
189	727
193	727
194	727
204	727
215	727
216	727
166	728
167	728
169	728
170	728
179	728
189	728
196	728
113	729
114	729
115	729
118	729
119	729
124	729
134	729
156	247
535	730
545	681
551	730
564	730
566	730
581	730
162	731
166	731
167	731
176	731
178	731
180	731
185	731
722	732
0	732
1	732
704	595
8	183
18	732
22	786
206	96
215	140
218	733
51	220
222	733
228	733
244	733
229	734
232	734
235	734
242	734
798	556
259	734
260	92
356	0
367	735
370	128
371	735
527	377
378	716
603	403
426	736
106	736
113	736
124	736
125	736
126	736
133	736
135	20
176	737
181	737
192	737
196	737
206	402
214	737
737	953
0	738
1	87
2	738
559	3
4	738
401	354
208	739
76	739
155	636
224	99
595	739
498	739
124	739
443	740
547	79
556	373
558	42
280	773
563	740
567	740
578	431
439	549
440	741
16	446
457	741
673	741
462	741
620	742
631	742
641	265
649	167
904	652
670	742
672	765
342	5
344	743
348	791
353	743
356	743
357	109
370	743
457	744
460	744
461	744
467	744
472	744
473	744
474	744
919	326
766	745
333	745
337	745
344	237
353	619
356	56
514	689
952	746
695	746
530	746
703	746
446	712
717	746
74	973
81	747
83	747
87	747
237	89
93	747
96	747
97	748
113	748
651	118
121	810
124	748
131	152
132	748
708	749
712	245
334	749
719	749
721	749
510	749
724	681
710	750
712	750
716	0
717	750
722	750
724	750
571	750
166	751
209	450
219	751
221	751
225	751
227	751
232	751
716	752
720	752
731	752
737	752
10	752
739	752
740	752
237	753
259	753
266	753
269	753
271	753
281	753
284	753
165	476
486	754
865	901
884	385
493	754
494	754
495	754
428	755
435	755
441	755
598	444
445	129
450	755
457	755
520	756
524	333
159	179
529	756
534	756
535	756
29	756
0	757
1	757
3	757
14	160
17	757
22	757
23	757
177	758
179	758
371	758
460	181
186	758
192	333
200	758
681	759
692	759
699	759
700	759
703	759
704	759
715	84
64	760
66	85
67	500
69	760
73	760
98	760
112	133
467	761
469	761
472	124
473	761
474	761
475	761
476	761
499	762
461	762
772	762
473	762
474	762
479	137
493	762
644	400
7	73
18	763
20	763
22	763
23	763
24	505
679	764
854	764
664	764
689	764
692	764
695	764
699	764
550	236
353	765
564	11
461	566
567	765
580	765
857	587
738	329
22	766
23	766
24	766
314	766
26	766
27	766
493	767
494	767
500	271
506	767
511	767
514	767
524	767
560	768
564	25
567	768
581	768
591	768
600	768
687	768
298	569
302	769
305	769
315	769
127	316
653	769
324	588
903	573
587	770
96	770
619	770
620	770
378	770
649	770
457	771
458	771
467	771
472	771
493	771
305	771
495	771
268	589
271	772
309	772
315	472
316	484
317	772
919	322
925	545
560	773
659	333
920	75
559	566
567	161
568	773
720	774
726	774
732	774
622	774
738	774
739	774
740	774
645	775
662	775
88	323
679	775
681	775
689	775
691	775
111	776
448	776
450	605
455	776
781	776
457	776
742	776
485	152
49	777
586	777
494	777
495	814
496	777
497	777
761	778
765	778
770	344
380	778
899	125
4	778
55	968
663	779
668	779
681	113
682	467
685	779
625	779
972	689
395	780
514	780
515	780
786	516
518	780
524	780
525	780
326	456
330	781
886	781
338	781
349	781
921	781
357	781
966	621
633	782
643	782
649	782
654	782
671	782
681	782
605	795
619	783
630	783
634	783
646	783
654	783
670	783
928	39
315	53
317	394
322	784
76	784
913	784
345	748
564	785
565	785
567	785
568	785
581	785
593	317
606	785
732	139
390	780
146	786
166	441
179	786
186	344
188	786
400	125
402	787
409	610
7	787
373	420
422	787
427	787
285	212
403	788
420	788
421	788
430	529
435	788
442	473
473	789
608	149
613	789
619	789
637	789
644	789
960	789
82	790
86	790
89	790
113	790
114	790
124	790
125	470
363	791
369	791
370	673
373	791
378	791
384	791
920	386
545	792
741	792
551	792
863	560
566	75
573	792
472	685
259	793
662	793
269	0
275	793
288	523
297	212
375	793
59	794
72	794
895	75
77	794
80	794
81	821
84	794
478	795
480	795
484	795
490	146
783	493
539	494
507	312
115	572
116	796
121	796
122	946
124	796
125	796
142	796
151	797
254	797
413	239
161	797
162	797
169	97
170	797
579	798
588	798
591	798
600	188
601	798
609	251
189	613
131	715
132	799
607	799
139	799
374	799
142	799
383	799
506	800
513	317
932	746
517	800
523	800
524	800
535	15
472	801
473	801
474	801
475	801
480	801
484	801
486	409
508	802
608	511
360	802
92	517
522	802
524	232
528	802
292	803
305	803
315	803
316	803
317	803
318	803
325	803
397	114
398	804
401	804
406	297
419	804
622	804
439	804
179	805
185	805
188	589
206	805
208	684
234	805
237	805
74	806
79	806
87	654
88	806
90	806
124	986
131	806
71	807
78	807
81	26
814	807
977	807
89	807
121	807
679	726
728	808
737	808
738	894
923	739
947	318
541	432
211	18
215	809
487	231
239	809
244	809
245	809
413	251
35	133
719	810
50	810
748	122
637	241
59	810
69	810
472	811
473	811
474	22
477	406
480	811
490	811
491	811
449	812
455	812
457	812
460	812
469	26
472	812
473	812
434	813
448	813
538	458
459	927
462	813
219	411
472	813
344	244
777	349
356	814
357	84
370	814
860	995
376	814
651	815
654	815
664	815
665	224
681	815
687	815
692	815
457	816
460	816
462	316
469	816
472	816
473	816
474	816
73	817
929	75
79	817
84	817
89	817
92	817
96	817
627	818
633	818
654	818
447	663
665	981
671	818
679	1
346	819
347	819
123	371
377	819
385	819
400	819
402	96
493	124
497	820
513	820
517	50
518	820
523	820
524	820
493	821
501	821
794	570
515	821
516	821
517	24
524	821
130	822
136	822
139	822
148	822
154	822
179	822
181	317
551	823
552	823
578	823
586	823
192	823
605	823
726	613
121	824
124	824
125	824
126	824
127	824
139	824
148	824
647	825
275	825
276	825
281	825
366	825
420	825
305	825
715	826
722	826
579	724
725	826
637	729
730	826
737	826
436	827
470	827
466	827
473	827
474	827
475	827
480	549
561	828
566	314
583	828
288	828
606	828
613	828
619	609
286	829
297	829
307	829
317	829
323	829
331	829
790	333
603	357
828	830
612	830
613	26
745	202
581	637
638	148
256	829
830	831
0	831
178	868
14	831
22	831
23	831
329	995
336	457
340	832
345	68
844	47
356	832
357	832
382	833
390	523
397	833
398	833
403	833
408	833
435	833
747	834
749	834
753	183
127	834
761	834
391	834
772	834
847	457
458	835
460	162
466	835
467	835
472	835
473	835
87	836
96	248
113	972
121	836
124	836
787	836
126	836
797	837
798	837
808	837
809	837
810	837
817	837
818	837
662	689
672	838
678	507
681	838
685	838
658	102
265	838
113	472
473	839
474	839
475	839
476	839
477	839
478	839
305	840
306	840
314	840
319	840
330	840
337	840
346	840
420	841
437	841
439	841
441	841
450	841
197	841
829	841
734	842
737	842
383	842
739	842
740	842
741	842
742	842
560	843
566	431
572	471
589	843
613	843
633	843
641	843
315	346
316	217
323	844
326	844
333	844
336	844
340	844
999	845
402	845
311	418
446	472
448	845
453	845
458	845
553	846
560	467
564	846
566	846
960	593
595	126
603	846
363	847
364	847
377	835
384	847
401	301
402	847
408	847
67	848
946	848
73	848
75	323
88	262
185	848
93	848
230	98
311	849
607	849
322	849
56	849
341	849
420	344
492	850
493	850
494	850
495	850
496	486
502	850
513	850
615	851
617	851
620	851
626	851
630	851
641	851
648	851
161	852
162	852
174	852
176	852
354	52
185	467
187	852
758	317
761	853
202	853
777	99
823	467
826	853
829	853
34	854
493	854
494	681
505	854
224	854
975	854
519	854
170	855
173	452
178	855
98	855
584	855
183	855
286	855
289	566
586	856
591	261
226	856
619	856
37	628
71	856
551	765
471	857
473	857
567	857
578	244
584	857
591	857
140	178
181	858
187	858
189	858
196	858
202	858
205	228
30	965
770	859
776	859
780	859
785	413
10	788
803	859
388	371
392	860
394	203
399	860
400	860
414	860
446	860
433	861
438	309
90	861
456	861
461	702
472	861
480	861
115	862
803	862
989	809
818	862
821	862
833	22
844	113
681	863
685	863
687	863
692	863
709	863
259	451
719	863
736	864
737	864
738	864
739	864
740	864
741	864
742	864
801	865
803	865
332	865
808	865
809	967
611	865
817	487
930	289
293	866
297	866
312	866
146	315
715	866
340	866
721	23
724	867
729	867
731	867
322	867
21	867
739	867
446	868
448	868
457	124
460	868
472	868
473	868
474	868
472	869
473	869
474	24
957	475
480	869
486	869
489	869
388	870
247	259
212	258
261	870
264	870
274	870
276	870
751	871
453	871
457	146
458	871
472	361
912	473
474	871
178	121
179	872
181	872
189	872
569	190
200	691
205	872
681	873
406	873
687	873
693	873
538	160
737	315
738	238
643	874
647	874
664	874
709	665
671	874
677	25
681	294
162	113
132	875
359	165
304	167
179	48
180	875
183	701
845	876
850	876
851	876
858	876
859	876
860	876
866	876
566	877
567	93
568	877
570	877
595	877
662	606
967	877
387	773
775	633
776	878
488	783
788	878
790	878
801	22
174	879
178	879
25	959
180	879
181	879
206	879
211	148
62	880
67	880
81	880
970	880
93	659
428	656
644	99
453	973
457	881
461	881
467	30
472	881
473	881
485	881
613	882
895	882
353	378
615	631
23	882
654	882
655	882
526	883
651	883
680	883
681	883
682	35
685	883
689	533
823	179
826	431
829	262
834	884
840	884
844	22
846	489
588	885
601	885
609	534
610	885
613	885
614	885
633	885
806	886
662	384
663	333
665	886
670	628
672	161
452	886
854	887
858	225
860	887
866	403
868	887
874	887
875	887
0	888
1	469
17	343
19	888
22	888
23	888
314	888
866	889
870	889
874	889
877	299
0	889
1	889
8	889
375	921
757	890
399	890
887	890
214	406
419	890
298	643
405	891
420	891
435	891
443	891
446	891
453	891
457	891
572	892
589	892
595	665
609	892
613	892
617	892
553	892
673	893
417	681
411	682
683	893
685	893
687	893
689	893
179	747
181	894
184	894
188	894
189	894
808	191
192	894
703	895
711	794
715	128
721	340
404	895
729	895
737	620
436	896
809	62
817	896
828	896
844	896
856	896
859	896
632	897
795	602
801	897
806	897
808	963
809	175
816	897
47	898
340	48
57	898
66	898
75	898
79	898
414	81
370	899
373	0
375	899
378	899
387	899
85	899
396	899
167	900
176	900
932	900
246	900
189	900
315	900
200	900
299	901
347	305
314	901
315	901
316	754
822	901
378	901
367	902
133	902
385	902
388	902
390	902
394	902
399	45
809	903
365	903
817	259
820	903
829	903
840	770
886	903
677	904
687	742
688	904
695	904
698	904
706	131
708	904
121	54
55	124
127	905
131	905
132	905
140	905
143	625
514	906
516	906
517	906
521	906
524	906
527	186
535	906
775	907
776	907
777	370
782	333
790	65
801	907
809	907
687	275
244	908
8	908
50	908
54	908
745	908
400	908
445	909
448	909
457	909
458	909
459	909
460	909
467	909
0	910
14	910
17	910
22	910
23	910
24	910
25	910
108	672
111	911
113	911
114	911
120	8
122	911
124	911
602	912
604	912
609	912
613	475
620	912
627	912
630	871
275	344
276	913
282	913
287	913
289	913
298	913
315	466
643	914
646	914
223	914
655	914
880	914
663	914
668	914
898	915
899	915
907	915
913	915
4	915
15	915
18	915
433	972
198	626
302	207
215	916
227	20
381	916
234	916
219	917
225	917
227	917
229	108
232	917
237	917
244	917
971	918
448	918
453	918
460	918
361	918
65	587
475	129
88	919
89	919
95	919
303	919
99	919
100	772
102	745
189	920
205	920
773	920
271	535
212	428
743	215
235	920
414	204
419	921
421	921
550	196
436	921
786	530
890	447
664	922
666	922
677	922
767	922
682	922
683	922
684	922
188	808
204	923
212	923
627	923
216	25
217	923
169	923
26	924
31	924
33	924
40	924
679	87
59	924
81	924
398	925
399	925
402	925
414	154
431	925
434	925
601	884
420	926
424	926
587	926
432	926
433	926
84	926
441	926
679	927
681	927
682	927
685	927
692	927
112	516
703	354
286	928
306	928
861	784
310	928
315	928
317	928
319	88
446	929
447	929
455	929
457	929
458	817
704	929
470	929
888	507
893	930
896	930
898	866
899	930
900	116
915	11
305	931
315	931
317	931
325	89
211	282
756	931
336	931
67	932
74	932
75	932
87	932
89	180
91	573
93	800
124	933
125	933
126	933
132	566
137	14
138	933
139	367
695	418
211	698
721	934
724	934
725	934
727	934
733	257
681	935
691	513
703	935
708	935
424	935
727	935
737	935
835	936
845	936
858	936
859	936
103	936
485	866
874	936
524	937
525	232
533	937
540	937
544	937
941	937
547	937
898	938
907	938
915	938
918	938
921	938
922	599
930	938
212	939
216	939
546	939
227	939
234	939
236	383
873	47
823	940
826	940
953	834
839	203
840	940
844	940
846	940
124	941
137	941
830	941
154	941
886	941
965	941
169	319
703	315
709	942
722	942
784	724
732	942
736	942
737	488
348	943
354	943
357	943
365	943
384	943
562	390
391	943
0	944
2	944
4	944
5	944
11	944
17	944
22	944
953	945
616	491
201	945
628	945
633	448
634	945
644	945
796	609
612	946
613	946
638	71
542	946
651	946
654	946
185	947
188	57
189	947
190	808
116	947
197	947
212	947
214	948
961	702
233	959
692	244
245	948
259	948
264	948
641	949
643	949
649	949
654	949
655	949
656	185
668	949
20	950
22	950
23	678
24	950
25	950
26	950
27	950
399	951
350	951
406	951
415	99
418	951
427	951
430	951
76	952
173	952
90	692
94	952
101	952
424	103
114	952
283	427
438	953
441	485
448	940
52	605
457	953
461	953
249	954
295	250
259	954
267	954
269	954
292	954
297	954
112	955
113	405
118	955
124	41
125	955
307	249
147	955
524	956
531	956
235	540
550	956
563	956
470	956
565	741
219	957
229	957
232	957
927	234
238	957
242	957
513	244
312	958
315	22
331	958
345	958
346	958
357	958
367	958
101	959
905	959
907	959
977	959
921	179
925	959
948	932
682	215
357	960
375	520
754	372
377	960
637	622
390	646
0	961
10	961
15	961
17	232
19	961
22	961
23	961
426	962
431	962
436	962
450	962
832	962
465	962
467	962
891	963
893	963
898	963
899	963
897	900
901	963
911	963
493	346
494	295
60	495
373	496
497	964
498	964
499	964
486	167
488	965
859	493
494	965
505	965
510	232
520	965
305	966
315	966
316	439
317	782
318	966
319	966
320	966
457	967
461	967
467	613
469	967
470	967
472	967
865	564
778	437
438	968
448	968
571	968
457	968
458	968
467	968
458	969
472	716
474	969
480	969
481	969
484	969
488	969
898	970
921	970
984	931
469	970
964	84
968	970
969	420
111	971
121	971
883	122
124	971
39	134
707	971
311	440
836	905
911	457
468	972
545	932
933	972
495	934
935	972
737	973
747	738
59	973
302	351
741	408
742	931
881	743
898	974
899	561
907	974
259	974
623	913
921	974
925	974
566	517
579	975
589	975
603	975
607	975
609	975
613	975
905	976
911	976
912	976
915	976
918	976
650	976
922	976
215	87
218	127
226	977
227	977
244	911
269	340
270	977
804	575
808	978
567	978
817	59
821	978
845	978
852	518
277	236
244	979
248	979
259	979
261	979
264	979
263	979
24	980
922	277
926	980
0	980
932	83
958	980
960	980
706	981
661	981
730	981
737	981
738	981
818	739
740	981
737	982
738	982
739	177
740	370
741	982
742	514
743	982
898	107
730	905
907	983
911	119
915	983
916	983
919	983
863	514
603	984
591	984
874	124
875	984
888	984
893	333
671	985
681	985
685	985
692	985
693	985
703	985
715	985
11	986
806	18
21	986
22	986
23	986
24	986
25	986
267	987
268	987
625	987
276	987
289	987
315	39
323	987
491	988
493	287
503	988
507	988
107	988
513	988
410	988
803	989
808	989
811	862
815	989
822	989
186	989
829	989
80	35
351	990
84	990
93	990
97	990
107	594
119	990
554	991
561	991
246	991
567	991
483	991
581	991
603	991
457	992
461	992
472	992
473	992
480	992
486	699
493	992
184	993
185	993
189	993
208	993
226	993
237	182
238	993
911	994
916	994
921	994
922	994
923	994
101	994
930	994
493	995
498	995
832	505
402	641
814	529
533	266
534	201
966	996
446	996
460	996
461	996
462	996
846	996
470	996
300	997
304	997
347	308
309	416
315	572
316	997
318	997
149	370
215	998
217	450
224	998
937	998
236	998
116	438
269	999
391	999
682	999
683	999
684	399
689	999
692	999
