0	9
691	793
370	0
264	1
602	1
462	5
422	924
2	4
170	5
193	765
28	875
373	10
2	11
608	2
2	13
933	3
3	632
4	5
4	964
4	411
4	47
4	166
5	6
5	7
501	8
5	9
136	5
89	6
603	6
6	667
308	8
8	130
75	229
9	493
289	448
10	14
934	15
1	15
2	408
3	15
4	15
627	956
6	15
11	17
155	14
0	16
1	344
2	16
3	447
4	450
7	17
0	17
1	17
518	169
3	214
455	4
520	5
661	354
17	18
0	18
1	613
2	194
864	933
4	18
477	19
1	19
2	19
3	403
771	130
273	19
6	19
1	20
2	20
4	20
5	20
11	20
30	16
170	18
19	21
248	20
0	474
1	11
66	2
3	21
4	21
8	22
10	22
11	22
17	22
18	22
0	22
1	22
17	124
18	634
19	813
294	22
403	23
1	161
2	23
17	24
22	921
481	933
465	24
818	24
2	24
186	905
11	879
435	25
19	25
626	25
23	25
24	561
515	25
494	26
21	26
22	26
23	26
24	288
25	433
0	26
21	27
22	27
23	446
24	750
25	27
26	27
0	108
17	654
22	79
771	28
869	28
243	25
678	28
27	28
248	11
14	156
17	29
18	926
151	29
23	540
24	29
22	30
907	30
24	347
25	30
26	761
27	30
28	726
26	31
445	27
30	31
1	31
7	31
50	10
16	674
0	32
1	32
4	32
9	32
451	32
958	17
811	591
7	33
11	33
17	26
22	33
23	33
24	138
25	496
0	34
1	34
170	484
18	34
183	34
148	34
24	34
20	35
657	721
23	35
24	35
25	632
26	35
990	27
15	36
374	36
381	36
23	36
477	24
25	36
26	36
18	856
22	150
23	37
24	242
25	37
669	26
27	37
0	38
1	38
11	38
20	38
22	38
23	38
24	38
33	92
889	39
38	39
0	971
1	39
4	39
5	39
33	40
34	125
35	89
737	11
193	20
550	40
23	40
207	41
743	715
555	41
22	41
23	41
24	41
120	41
26	20
33	42
453	470
39	42
393	1
553	329
17	469
38	167
0	43
1	461
2	43
10	43
584	43
23	43
17	44
809	44
20	44
21	222
241	22
23	146
24	44
22	45
902	23
832	45
25	45
26	45
27	45
28	45
18	46
22	494
23	46
24	46
502	25
26	46
616	80
624	230
332	101
22	47
23	47
24	470
25	47
26	809
18	48
22	48
23	48
98	977
25	48
26	48
27	48
6	49
407	49
800	275
17	49
22	49
395	23
499	49
44	50
0	50
5	776
16	50
18	50
581	20
22	50
823	50
1	79
4	51
18	377
22	51
145	216
472	733
38	52
44	456
50	52
65	52
0	87
4	693
5	52
611	48
1	331
5	53
2	53
916	53
22	53
23	53
0	54
411	54
958	54
23	54
24	54
614	54
26	397
155	859
919	38
39	420
50	55
482	414
218	1
711	55
38	56
44	238
47	56
0	56
932	148
522	56
9	56
18	57
22	57
23	57
24	125
923	57
26	57
27	435
20	496
22	58
583	23
409	24
115	58
26	58
701	27
44	11
53	739
56	59
0	59
18	59
22	161
23	59
44	60
25	351
4	60
20	60
22	60
23	60
258	24
22	61
189	595
24	61
598	61
26	61
27	61
28	61
22	62
23	196
24	62
25	62
26	173
896	62
28	117
531	63
59	63
259	0
1	416
458	63
22	63
23	63
515	20
22	64
23	64
24	64
25	64
26	4
27	64
62	51
63	65
983	65
5	65
7	65
11	918
565	12
215	39
44	555
50	66
54	66
60	21
64	66
0	66
50	67
889	67
385	896
0	246
910	728
820	618
5	96
422	28
30	68
908	34
917	40
41	68
44	858
54	68
38	69
42	517
45	69
48	69
439	69
978	69
641	63
905	70
18	866
20	70
22	70
23	70
24	70
412	70
5	71
268	71
22	71
878	23
306	24
25	71
26	71
35	72
47	72
784	72
269	5
42	11
22	72
23	72
0	73
8	73
158	73
22	73
23	73
24	73
25	73
47	74
50	74
53	74
57	74
6	74
17	74
18	74
22	75
792	23
24	75
25	14
26	75
27	75
950	28
35	323
536	76
50	76
55	76
60	184
0	329
1	76
186	66
74	35
75	77
0	77
3	77
5	77
17	685
57	78
63	78
64	195
345	75
993	76
763	78
0	122
38	330
312	79
292	79
609	451
62	79
182	561
71	79
50	578
165	80
0	80
1	874
14	80
559	287
23	56
277	77
79	81
0	81
96	1
11	81
22	81
23	81
15	82
702	82
23	42
24	82
25	82
705	82
27	82
44	83
50	11
57	83
5	83
77	83
2	83
634	8
39	84
51	84
54	84
57	808
670	275
59	84
63	84
760	22
23	392
24	85
661	85
26	85
27	85
28	85
22	86
23	86
24	430
353	86
26	86
27	264
28	86
22	87
23	87
24	87
25	87
26	87
139	27
28	87
342	88
23	88
24	88
25	88
26	206
27	670
28	88
42	136
44	89
40	48
172	89
53	89
57	89
60	89
4	446
6	90
11	712
22	90
23	90
655	24
25	90
508	87
89	91
345	1
11	91
15	242
22	841
487	23
74	92
75	18
0	185
64	180
20	92
22	92
23	92
244	89
18	93
22	558
23	93
382	24
238	93
26	356
498	94
75	94
79	94
638	88
89	154
0	94
2	214
832	396
57	50
62	229
63	95
467	0
295	2
3	95
430	611
7	96
539	794
359	433
564	184
22	716
23	96
20	126
22	97
23	97
24	97
506	25
26	124
27	626
332	98
742	98
58	98
59	98
63	53
542	179
81	98
951	675
84	99
89	289
853	412
701	99
7	99
22	99
72	423
83	100
89	100
90	100
92	324
685	703
11	100
87	101
96	984
431	0
1	967
11	898
17	925
686	101
68	102
773	51
83	102
87	102
88	102
89	102
93	102
87	103
92	103
93	863
747	99
0	103
1	103
490	2
10	940
11	104
15	104
17	104
274	20
22	7
533	23
97	105
0	105
139	68
19	653
22	105
23	105
24	105
66	106
320	54
101	106
886	447
1	7
2	106
741	106
987	389
22	449
23	326
24	107
25	140
830	107
352	391
57	264
59	108
64	108
68	108
89	473
96	108
102	192
0	109
1	109
5	109
7	759
11	16
743	17
575	36
20	533
22	110
23	110
24	110
25	110
26	110
503	27
23	111
39	111
40	46
108	438
47	111
521	111
98	111
109	112
8	112
11	112
495	18
20	112
875	22
23	112
17	323
18	113
214	19
22	113
237	50
325	24
25	272
22	114
23	114
24	118
25	114
26	915
27	114
28	203
528	115
33	225
36	217
38	115
955	115
584	174
323	115
930	62
676	116
84	724
94	242
67	27
387	116
99	242
95	117
105	117
218	111
113	724
621	117
104	117
62	445
71	118
114	74
76	118
77	118
408	118
928	719
113	188
59	119
69	119
539	642
983	156
411	960
825	119
5	119
61	120
88	120
70	17
96	121
104	120
112	120
0	494
226	24
27	121
872	31
37	121
38	121
43	121
939	121
21	72
365	122
23	232
128	514
78	505
315	26
27	122
35	162
36	123
585	123
820	123
157	123
57	819
59	123
87	124
88	511
96	124
642	101
502	124
113	124
119	124
113	131
844	124
0	186
1	143
2	125
4	125
20	561
107	126
124	126
23	126
0	318
746	126
6	126
17	970
266	81
583	983
113	127
1	127
15	257
17	127
22	349
114	128
735	115
124	128
125	128
126	128
127	455
0	128
20	129
22	129
549	23
24	129
25	129
755	392
27	129
124	185
125	339
126	192
12	40
146	882
513	17
502	130
0	12
1	131
5	131
6	131
11	131
311	15
17	330
487	132
232	132
0	132
2	163
4	132
5	132
7	431
18	264
22	803
23	133
24	133
25	133
907	26
27	133
209	511
34	134
38	134
591	711
50	124
51	473
59	134
411	135
121	135
124	460
129	75
0	135
6	135
216	26
11	136
17	136
22	367
23	136
24	12
310	25
26	377
627	137
17	671
22	137
23	137
24	137
25	137
566	1
63	138
74	441
76	138
33	89
110	138
118	138
119	138
112	226
113	105
114	139
124	242
127	139
0	139
594	3
105	140
733	106
113	140
114	142
119	230
124	140
125	140
34	141
231	141
259	39
50	141
173	141
52	273
57	141
50	84
93	142
449	725
101	113
712	142
108	142
212	581
118	143
121	191
109	143
129	143
126	427
0	143
686	463
108	144
113	144
126	144
130	144
131	521
132	144
815	144
59	145
202	76
87	145
89	906
99	145
108	51
124	145
50	146
72	146
75	866
78	146
82	146
93	424
706	146
268	14
18	513
22	147
23	147
384	147
25	147
849	147
125	148
127	148
134	148
141	148
0	148
1	148
243	148
31	149
33	149
36	149
39	872
44	149
765	47
789	50
94	150
102	150
106	150
439	111
114	150
315	124
125	315
97	151
738	101
114	151
357	41
124	151
396	151
139	151
82	320
87	152
89	152
99	900
579	155
696	109
113	152
35	703
39	153
42	153
44	317
50	1
508	57
68	153
14	154
16	154
22	181
23	154
24	614
25	109
26	154
118	739
124	155
125	640
127	155
132	155
126	142
148	155
6	156
18	469
20	730
22	156
739	23
423	24
25	156
76	415
0	157
4	157
59	157
22	157
23	157
24	55
99	158
296	113
124	681
131	17
139	158
677	572
141	158
456	159
35	159
96	38
39	159
48	159
50	808
858	159
731	72
84	160
913	160
89	160
90	160
219	890
113	160
141	161
390	161
146	161
996	161
148	113
149	450
152	161
73	162
84	497
88	162
255	225
835	113
752	162
675	126
3	366
137	19
584	163
23	163
635	24
401	658
26	298
148	164
149	266
152	164
155	164
2	164
5	75
22	164
669	165
134	754
138	165
148	75
151	662
152	165
331	159
113	166
114	166
124	166
137	205
139	166
147	166
148	166
742	74
87	167
98	817
99	248
104	167
142	167
124	167
136	238
145	168
148	168
699	168
152	168
762	161
167	168
206	169
0	169
8	125
11	233
17	169
2	18
22	169
100	170
26	54
112	2
113	7
124	170
966	125
846	170
635	134
125	674
147	578
148	171
151	142
153	186
123	171
730	600
74	513
87	172
89	553
97	259
124	266
693	131
43	173
57	473
59	905
67	102
324	582
62	77
89	85
81	174
87	174
93	174
96	125
736	108
111	780
77	174
189	185
4	175
911	175
11	175
22	175
897	23
821	175
108	176
112	176
518	176
124	176
125	176
507	176
139	503
833	177
99	177
21	177
605	878
118	316
124	177
125	177
160	178
166	940
169	178
170	178
175	215
0	124
2	118
44	179
45	179
235	47
50	179
51	179
52	179
57	716
44	326
46	180
893	181
53	352
947	180
72	277
74	180
118	181
124	181
125	618
501	77
137	181
142	181
148	181
143	182
148	182
993	149
151	930
956	182
932	153
190	417
102	183
111	183
117	183
147	183
148	22
149	183
152	64
17	75
78	184
27	101
124	184
125	184
126	267
136	184
235	174
179	185
621	180
5	802
22	185
23	185
24	312
50	186
906	651
59	186
63	77
307	336
78	186
81	186
179	187
182	187
732	187
973	151
15	187
22	187
656	64
152	188
161	188
163	188
166	188
170	188
179	188
181	188
69	946
84	23
87	189
474	189
98	189
186	108
113	189
188	190
189	38
386	190
6	190
106	190
805	9
22	190
166	191
167	39
22	170
179	191
951	191
185	2
189	191
862	226
130	871
375	192
149	192
155	118
159	192
645	81
179	911
181	193
188	148
189	398
750	6
91	827
17	193
36	194
653	194
44	474
347	558
535	57
74	194
213	194
148	195
50	152
854	156
161	486
162	195
970	167
179	345
121	948
761	196
260	196
127	196
132	196
133	196
148	196
191	197
171	197
57	457
59	197
60	239
77	494
102	197
22	198
23	198
24	198
58	198
26	198
27	198
28	198
107	199
109	199
113	199
657	124
805	125
126	199
135	199
50	200
51	735
53	200
69	200
71	200
72	168
306	628
90	612
96	201
106	201
995	108
111	3
113	201
246	201
82	638
83	202
87	134
96	202
797	776
830	101
106	145
860	128
130	203
514	131
114	646
152	456
170	203
935	203
921	524
194	204
563	114
198	648
202	204
475	204
683	564
545	0
1	205
7	205
11	629
109	205
18	205
530	205
83	206
89	227
101	158
97	206
113	206
124	206
125	499
88	207
985	89
93	0
98	207
99	207
102	207
106	207
588	196
205	3
0	801
11	74
22	208
23	208
24	208
17	134
22	209
23	209
24	209
284	209
26	209
27	209
134	124
256	135
89	210
137	204
318	210
142	384
143	210
0	211
366	6
7	211
12	934
14	720
22	330
23	211
81	142
645	870
434	183
87	207
88	212
92	398
793	93
30	342
982	31
740	213
50	213
53	79
56	134
59	213
875	130
770	146
148	214
151	257
152	214
155	214
777	321
196	215
137	197
104	726
560	215
207	848
0	215
397	327
73	135
752	216
77	216
924	216
94	216
584	102
113	216
140	217
146	217
844	148
149	367
150	217
152	217
159	217
124	218
125	218
133	218
879	117
173	152
259	162
166	218
929	124
172	219
179	808
180	219
181	219
91	219
188	219
131	220
136	220
816	139
142	382
143	220
215	467
908	37
78	221
867	221
519	504
0	221
1	382
467	514
82	221
50	222
580	142
534	222
75	222
703	222
401	81
83	222
74	480
82	223
447	223
486	102
107	223
108	654
123	223
208	224
218	752
0	739
1	269
14	224
17	97
18	346
162	87
94	225
935	117
26	662
126	225
127	225
128	225
191	124
125	226
139	225
148	613
954	192
159	226
140	441
838	94
779	227
710	117
764	227
131	227
133	227
134	227
955	228
175	228
179	519
524	180
188	228
546	228
191	67
446	229
79	229
83	229
783	84
89	22
113	368
124	229
179	17
189	230
282	230
202	849
206	230
211	230
212	230
79	231
86	231
398	604
272	264
132	231
355	231
140	231
136	532
945	125
738	141
142	232
148	232
155	232
221	232
44	233
701	233
316	56
346	59
183	233
677	233
75	233
390	234
171	234
173	234
115	234
179	234
181	234
185	281
0	179
2	235
6	235
11	747
16	235
667	241
23	175
30	236
883	236
521	765
48	461
50	370
233	289
868	57
506	386
733	135
148	237
152	237
894	154
158	237
161	237
206	269
211	753
215	25
56	225
548	226
545	227
229	238
162	342
180	239
181	75
182	239
183	239
189	232
206	239
168	240
174	240
175	868
177	240
179	114
181	240
243	240
94	241
235	155
161	153
162	44
163	241
884	293
595	241
133	242
858	242
148	275
149	667
152	923
153	242
164	600
87	182
717	28
99	243
109	10
114	488
124	370
134	808
142	416
286	952
800	77
148	244
26	151
153	244
789	161
227	245
469	245
237	245
240	245
242	245
749	243
244	245
519	51
69	246
560	124
76	246
367	79
84	563
735	246
636	22
867	247
24	247
25	247
380	247
27	247
442	28
124	248
126	248
133	248
142	248
148	29
162	248
355	21
548	870
215	249
218	249
221	279
227	863
230	143
232	249
148	250
714	250
154	250
163	250
164	250
166	250
167	377
131	2
135	251
815	286
153	251
161	399
163	251
177	251
59	252
75	142
224	252
102	252
543	466
113	74
356	252
64	253
71	253
379	253
74	1
82	253
85	253
569	253
35	17
38	254
44	113
47	619
50	134
57	699
83	254
237	255
410	247
836	255
251	255
514	5
11	89
12	448
677	109
124	831
127	210
114	18
164	378
539	256
166	256
153	132
144	257
148	257
151	345
232	152
934	327
160	490
559	977
486	97
124	782
125	419
126	258
260	899
133	258
148	259
149	3
151	161
163	68
448	166
168	63
179	259
180	260
63	261
64	125
75	545
89	124
96	260
104	260
427	193
206	261
210	261
128	211
960	261
380	261
287	229
108	262
848	113
438	118
124	1
125	262
97	329
127	262
22	263
23	359
130	24
768	580
26	263
879	116
28	263
208	68
71	264
75	264
77	264
108	81
84	126
89	264
742	233
241	265
321	239
244	715
262	265
0	265
11	265
995	17
22	373
23	266
67	433
978	25
26	756
27	293
75	267
87	267
92	267
93	267
705	100
549	803
112	267
188	514
189	11
193	147
194	268
62	268
197	268
902	268
409	269
716	724
45	72
50	244
56	679
564	57
683	60
36	270
774	39
42	384
44	270
50	270
59	270
72	270
127	271
138	271
147	271
690	983
153	271
157	271
162	564
113	81
734	272
236	272
239	272
403	240
244	394
247	231
206	273
989	208
214	5
215	273
217	273
218	273
964	229
5	274
995	274
11	274
16	274
17	274
551	274
23	104
11	275
71	21
215	275
23	275
359	24
25	275
26	275
181	276
185	276
420	276
513	390
194	276
196	276
206	276
514	178
216	277
802	81
115	426
457	979
229	277
180	237
124	264
5	47
16	278
432	21
22	278
23	651
463	278
249	43
153	475
155	279
160	279
161	534
361	279
179	279
415	167
676	280
597	280
179	709
715	740
182	280
186	102
108	281
134	484
360	145
148	281
42	149
150	281
153	281
180	196
834	282
202	282
206	282
214	282
237	22
192	282
97	283
505	650
114	283
259	226
119	113
124	283
125	283
988	284
440	284
254	710
148	284
151	561
158	284
179	284
269	119
274	285
289	276
279	285
588	281
0	285
1	285
148	145
152	75
830	153
275	915
159	286
160	286
773	286
26	68
27	395
37	440
792	287
449	799
50	362
68	22
82	604
779	44
50	288
106	288
427	56
57	330
987	64
235	337
239	289
242	289
244	289
245	11
269	289
270	289
255	290
258	290
702	290
265	290
276	331
286	290
0	290
17	959
22	291
23	291
24	291
25	291
26	291
660	291
63	7
76	292
46	292
84	292
87	292
105	195
770	108
865	293
510	149
266	323
318	293
152	293
153	382
155	293
499	294
215	294
232	294
236	869
874	244
256	23
740	294
87	17
483	131
818	295
5	880
121	295
834	124
24	295
87	296
106	158
124	296
128	296
131	620
300	296
762	418
235	297
363	236
252	297
259	297
319	260
772	297
275	162
266	401
269	330
273	472
577	401
4	406
11	298
15	298
620	889
125	299
127	299
132	587
136	299
148	299
149	299
113	467
117	516
412	760
557	300
132	131
453	329
686	300
847	319
23	301
24	301
25	301
448	170
27	301
848	792
225	420
810	229
242	578
701	252
259	916
262	490
264	302
0	303
4	303
7	303
10	303
14	303
22	303
23	303
109	877
102	304
522	304
862	304
124	304
125	9
126	304
20	305
22	305
23	494
24	305
25	305
26	328
495	511
113	306
210	306
125	200
141	306
143	71
147	306
148	306
63	307
69	666
72	307
75	307
740	307
89	645
92	76
226	254
231	308
807	308
238	308
250	403
951	386
261	308
643	309
564	179
180	309
367	309
215	309
166	309
231	309
134	733
146	310
147	310
352	310
152	645
90	310
89	310
145	509
652	311
152	312
153	609
161	311
164	139
169	845
600	137
531	465
248	312
276	527
456	312
428	771
301	312
632	687
35	313
875	313
49	313
50	122
53	313
59	313
97	314
99	441
107	314
124	25
125	314
134	314
67	740
204	405
206	315
208	788
211	150
150	231
242	315
248	315
113	51
124	553
393	125
131	316
13	134
139	316
140	316
315	317
853	316
0	457
1	317
11	317
800	22
23	317
111	151
861	318
124	318
125	318
126	139
127	498
129	318
244	338
259	319
353	264
268	114
931	319
260	287
289	401
241	320
245	22
250	320
259	320
649	260
274	320
275	87
94	265
215	321
222	321
412	227
8	321
395	321
805	161
37	322
39	322
42	322
50	737
177	24
422	69
71	322
286	323
775	289
848	291
295	647
317	323
0	323
589	8
209	324
211	324
221	324
222	339
232	324
233	324
237	324
546	325
241	325
756	325
870	325
270	113
49	325
276	325
249	450
82	676
259	488
17	326
269	370
276	152
283	326
215	527
427	327
206	330
215	232
237	327
197	327
244	327
305	309
312	328
315	328
848	328
979	328
920	323
0	328
193	329
492	198
200	329
444	212
262	22
223	920
591	329
298	211
215	330
218	330
44	79
288	400
244	330
352	330
942	165
316	331
0	631
6	331
16	481
17	373
22	331
281	332
289	47
304	464
622	268
873	150
316	791
317	332
568	17
315	333
907	316
0	333
1	333
11	333
16	453
168	334
179	599
185	716
186	384
188	334
322	189
206	334
26	121
881	335
38	553
42	335
44	335
900	50
246	335
168	336
176	336
179	336
344	336
185	336
596	192
619	608
315	337
200	466
317	128
318	337
326	337
330	823
0	337
189	338
548	319
630	338
88	338
211	338
242	338
243	338
679	377
130	813
324	128
133	339
693	339
135	339
147	96
390	148
152	244
54	16
162	898
258	583
173	388
176	340
66	341
79	341
82	341
980	341
84	341
92	341
97	341
166	342
167	11
170	342
179	466
188	22
192	342
781	473
76	343
81	343
82	343
84	97
90	343
888	93
98	459
22	344
23	344
985	726
25	344
26	344
27	746
28	344
987	562
69	345
79	533
446	92
87	345
98	78
189	107
113	346
114	346
120	233
124	346
964	126
131	346
133	346
287	355
575	73
75	347
767	347
82	517
84	901
755	347
59	871
68	348
88	348
108	348
111	494
113	348
124	348
35	349
109	127
38	668
47	375
50	148
68	349
75	722
113	235
124	350
125	350
127	739
134	350
147	401
812	525
118	465
120	351
124	351
125	351
127	684
139	973
252	83
315	107
316	251
317	352
531	877
323	193
180	329
333	352
284	417
688	353
571	295
303	25
305	353
641	353
828	199
68	940
461	74
78	852
91	434
97	354
105	260
108	354
56	355
57	355
71	139
763	355
73	355
76	355
20	83
206	356
209	88
218	11
232	356
236	356
237	359
248	356
856	357
113	357
287	119
124	357
230	829
15	360
767	357
237	102
240	475
246	358
880	358
259	358
15	358
856	358
179	833
487	826
356	188
176	263
190	976
242	194
195	359
62	281
68	484
66	360
74	134
402	75
76	360
83	360
852	60
62	361
67	361
74	166
485	77
171	361
931	361
261	72
75	362
148	362
87	362
89	362
90	362
92	362
299	363
301	363
315	363
568	334
554	297
290	363
333	363
262	364
265	364
267	364
269	364
244	185
276	364
716	277
393	316
327	22
330	863
698	333
334	365
337	220
195	365
148	517
150	540
152	211
181	366
861	366
982	163
193	282
835	315
755	442
323	367
136	312
217	327
333	367
341	367
349	220
221	368
223	368
227	368
352	368
229	242
244	368
30	369
377	446
39	369
44	369
54	798
59	369
444	369
289	248
293	454
560	370
305	370
309	370
323	599
18	275
213	371
458	225
227	180
239	371
244	371
918	259
188	264
63	450
24	372
90	372
97	372
522	372
124	372
129	372
289	373
740	295
331	964
304	787
305	373
306	373
315	148
0	20
9	226
17	374
20	765
993	834
23	374
24	374
181	301
188	375
189	375
196	114
200	905
206	148
215	375
43	376
283	251
804	448
828	376
315	376
316	376
432	319
139	377
250	802
237	377
245	377
251	369
51	777
260	339
612	103
113	259
114	378
440	118
193	984
137	490
148	319
24	379
26	379
39	72
42	822
47	124
457	379
64	379
80	942
303	380
239	219
83	380
731	380
50	113
139	380
300	381
337	22
741	581
345	381
346	229
357	381
367	381
7	382
152	382
163	382
166	93
176	382
220	10
180	382
179	148
180	383
182	738
939	183
949	383
118	383
192	66
210	295
301	515
270	307
309	384
334	315
387	952
126	384
180	142
185	385
186	846
241	385
206	385
211	67
216	916
960	102
378	44
113	0
121	386
124	386
125	386
134	127
733	387
99	387
379	104
131	720
332	145
795	472
152	387
66	388
75	388
77	388
79	244
81	388
418	388
340	2
17	185
375	389
377	17
807	389
596	128
0	389
292	389
240	340
276	968
255	390
276	142
295	140
35	315
316	344
324	391
585	762
595	391
333	391
337	681
340	391
344	391
776	242
243	392
246	392
370	26
604	392
666	392
270	392
683	393
57	323
507	71
74	393
424	85
934	393
89	393
324	877
330	394
333	761
334	889
342	394
344	394
346	394
418	395
62	395
75	513
287	697
28	395
87	230
89	488
177	396
710	321
179	132
180	396
186	237
188	396
724	196
323	397
201	100
326	397
758	397
337	4
54	338
345	397
196	113
193	218
225	398
230	398
232	398
561	236
242	398
390	399
394	399
0	399
1	663
678	92
8	399
11	399
164	11
166	492
167	75
491	168
596	174
915	179
181	215
344	480
356	25
830	890
982	401
390	113
27	683
942	401
329	402
514	330
333	402
337	527
390	402
737	350
357	514
259	403
465	403
62	403
66	677
74	0
83	403
90	403
820	404
276	404
630	725
301	130
304	404
309	404
640	310
315	405
316	405
785	405
318	645
319	405
320	405
695	405
259	68
264	685
266	406
269	406
274	406
609	406
276	406
192	11
20	137
22	407
23	407
449	407
688	25
878	10
973	216
174	19
179	408
798	408
15	206
218	408
888	237
162	390
163	42
703	164
179	809
801	59
181	409
182	409
1	255
4	402
913	251
15	410
22	410
23	410
24	410
42	150
152	18
161	893
166	154
179	83
181	411
185	464
774	412
95	134
122	609
235	412
344	259
260	412
264	396
668	413
56	809
69	413
76	413
82	413
454	413
92	125
312	414
0	315
316	414
671	333
336	414
338	177
344	898
157	113
119	415
122	280
97	415
125	415
133	415
136	0
333	416
997	334
341	727
345	416
346	416
68	354
461	416
319	262
266	417
269	893
271	417
79	275
287	417
844	289
232	57
402	418
403	25
857	856
934	19
21	83
24	418
604	419
931	419
399	89
96	806
99	439
254	419
240	258
251	849
140	288
702	257
234	190
195	802
396	420
244	420
87	421
938	93
584	421
124	416
125	421
126	528
127	421
179	422
192	2
199	422
211	96
213	422
253	215
232	560
422	792
2	423
444	437
11	156
254	423
18	619
22	423
221	316
390	424
394	716
95	424
251	93
401	424
404	424
43	142
48	425
746	425
53	425
55	425
864	462
62	425
136	426
142	426
147	426
148	426
277	149
152	426
164	48
430	143
23	427
24	427
25	261
26	317
27	288
28	427
920	309
315	97
316	428
317	428
758	320
325	428
985	326
330	429
337	665
623	429
345	429
357	244
362	429
750	365
629	124
125	430
721	147
148	633
151	0
450	430
411	430
47	431
50	431
378	56
57	431
75	431
76	101
244	431
396	411
517	464
142	420
1	151
18	432
22	432
23	376
26	891
264	433
408	266
608	433
272	433
292	275
312	433
113	17
124	434
126	378
127	434
132	159
354	133
213	756
166	435
175	587
181	435
183	759
185	435
186	179
196	17
127	259
132	436
139	436
142	436
148	436
149	436
152	469
184	437
275	5
289	437
301	437
576	437
309	679
315	437
364	88
368	438
369	438
370	438
376	438
377	438
384	438
232	150
236	439
242	439
340	439
248	147
250	439
127	439
281	127
660	285
315	356
323	722
329	482
334	440
340	305
173	258
210	115
262	441
269	441
814	138
289	161
290	441
188	527
696	442
191	495
196	442
367	206
211	442
215	442
327	443
333	527
172	545
344	443
353	443
356	443
756	443
333	232
334	329
851	559
342	71
353	438
354	444
356	444
203	445
212	445
733	445
217	554
295	508
678	251
259	31
759	342
346	446
348	446
350	446
68	446
356	74
344	528
425	447
44	447
51	447
16	149
150	87
156	818
162	0
248	448
252	259
268	791
270	448
376	272
256	448
945	988
161	449
164	449
168	449
516	177
178	449
179	142
278	180
446	450
255	450
735	450
1	152
251	450
372	3
387	900
0	57
23	5
19	16
862	451
407	451
24	451
25	451
420	452
764	452
855	443
0	452
5	747
22	452
218	23
128	453
142	453
849	453
333	148
150	453
151	35
152	133
174	454
178	957
179	215
370	180
192	454
196	454
215	454
244	17
481	455
249	455
252	455
133	455
224	455
275	132
108	456
114	456
152	124
143	456
147	497
676	349
151	456
179	457
180	457
185	457
606	186
188	457
189	457
432	555
987	124
797	458
142	18
462	148
562	149
332	371
152	458
435	459
438	480
415	459
343	262
5	459
83	459
676	18
386	460
394	75
397	460
402	758
135	100
431	460
436	460
426	356
431	461
439	348
455	461
457	187
458	672
148	460
162	333
425	171
178	462
498	462
180	1
641	185
26	24
5	2
143	482
7	591
11	463
17	480
320	463
23	475
167	401
170	464
179	464
186	464
187	464
814	878
189	464
312	166
635	465
171	465
189	0
964	192
215	59
230	465
154	54
252	530
111	466
649	466
913	297
122	466
389	472
206	467
223	865
259	300
227	467
232	467
233	467
237	467
940	468
301	921
305	59
990	795
862	468
315	468
191	818
74	469
680	208
93	469
109	469
113	469
119	228
124	469
149	470
151	461
153	470
764	157
159	470
160	470
161	564
680	471
23	471
24	896
25	810
26	560
700	27
28	471
143	24
148	472
149	999
150	472
278	962
152	472
161	35
541	473
788	969
248	342
251	473
259	473
289	473
299	473
202	474
204	474
213	121
214	474
216	474
221	515
232	474
885	256
903	529
264	475
912	234
258	474
576	0
315	785
79	476
29	476
343	476
98	476
101	476
903	476
337	476
306	477
315	336
324	477
330	113
333	390
339	0
895	616
436	478
792	478
460	478
472	478
495	478
474	619
475	478
761	377
434	479
382	479
391	470
394	479
305	414
416	305
189	480
206	480
209	177
726	214
225	520
229	480
222	243
168	23
344	481
345	722
224	481
275	356
998	481
378	245
440	221
223	55
225	482
598	647
232	534
552	482
242	844
469	483
472	830
108	483
474	483
475	89
476	568
0	483
62	484
71	484
281	72
73	484
74	484
656	79
89	484
953	700
463	936
5	485
8	485
348	342
21	485
22	485
131	309
312	486
850	315
333	113
338	486
344	486
125	223
411	359
416	487
417	148
438	487
458	809
490	459
758	460
169	63
179	878
181	457
942	183
909	185
326	186
146	243
177	783
179	489
130	489
125	489
189	489
965	75
215	573
63	490
206	74
180	378
84	490
96	181
97	487
123	666
431	491
436	491
604	400
439	432
443	491
23	281
457	491
86	492
92	627
76	402
95	492
105	492
400	112
113	492
375	493
943	388
738	700
402	703
405	739
406	493
427	493
140	494
148	494
149	494
150	494
151	494
326	494
161	494
89	620
94	495
916	102
115	495
124	495
125	112
904	473
81	496
83	496
89	496
98	496
108	446
113	496
124	496
164	497
166	497
177	497
435	497
181	497
76	133
185	497
318	723
472	179
473	120
474	498
475	395
477	73
485	498
89	211
113	499
624	499
127	97
50	24
151	499
152	499
113	500
124	500
128	500
131	500
136	500
140	500
143	500
472	181
441	501
474	501
475	501
486	59
491	501
493	501
518	502
142	609
225	500
757	227
713	502
240	102
37	502
196	110
197	503
710	198
215	866
222	503
887	503
752	237
211	75
95	504
104	504
113	504
124	504
125	504
760	504
416	505
417	101
420	5
425	505
763	429
438	505
272	505
367	506
370	113
387	506
390	506
402	506
19	506
681	898
491	913
493	507
494	507
2	507
9	42
10	507
53	267
367	508
370	508
527	375
378	508
382	4
384	508
394	508
295	509
305	509
306	165
715	509
320	509
322	509
331	509
382	510
384	510
630	394
396	510
401	510
93	510
406	510
124	234
239	511
244	516
247	511
248	30
410	511
479	254
977	512
850	308
955	512
298	512
428	512
437	512
438	554
108	513
110	513
113	179
925	114
124	513
128	108
140	130
87	514
122	92
111	514
113	514
124	514
125	203
970	995
154	515
993	546
162	64
384	166
181	0
187	515
189	515
416	643
419	516
426	24
300	843
435	516
436	516
813	443
247	517
248	517
259	517
268	549
274	517
276	517
277	432
604	605
159	518
59	518
164	518
166	518
167	518
175	114
9	2
22	654
23	556
228	24
25	519
564	26
27	519
283	520
370	286
345	520
301	520
317	520
329	520
337	389
265	521
646	521
269	665
275	50
737	276
283	521
292	128
317	113
540	462
336	5
338	357
341	522
346	304
356	522
221	523
965	523
793	237
91	523
244	276
833	252
266	523
415	616
416	524
420	524
285	436
446	524
453	524
457	524
722	525
457	148
114	525
464	525
843	525
670	472
581	25
509	526
510	526
599	526
0	642
864	2
467	14
22	526
309	508
311	897
315	527
592	448
317	527
326	527
330	527
131	528
664	30
140	638
143	528
71	528
148	528
149	528
545	976
899	529
473	529
474	529
463	529
475	540
494	529
383	530
921	227
576	530
238	22
777	606
241	121
255	530
420	531
430	531
431	531
436	47
998	857
440	740
27	270
72	532
78	532
84	532
232	87
807	532
113	532
125	532
124	290
93	128
971	646
148	316
151	533
153	533
206	533
630	515
517	534
520	68
337	534
527	534
279	0
571	1
307	535
308	535
309	208
18	315
317	535
330	535
18	151
748	9
11	536
434	536
19	536
67	536
23	536
24	536
148	537
149	537
172	537
160	537
669	164
167	524
178	537
779	538
411	538
472	873
134	538
474	538
475	538
476	813
73	795
80	546
81	165
85	539
86	96
89	539
620	147
50	493
57	540
458	68
774	366
470	775
74	540
89	540
8	541
185	680
186	541
193	5
742	541
218	460
227	75
230	695
237	542
248	630
255	647
86	542
269	74
906	542
537	543
443	124
534	467
538	637
6	543
15	543
884	188
90	544
663	544
819	45
113	831
116	711
604	544
131	544
167	788
992	545
176	896
982	238
179	545
180	39
181	275
84	189
539	612
257	546
108	225
752	546
200	653
788	237
150	547
151	547
152	547
159	547
161	547
162	547
163	547
370	206
375	194
388	548
399	151
406	238
420	548
422	548
568	549
409	549
416	103
902	549
441	549
141	129
517	472
467	22
468	550
559	550
473	550
474	626
475	550
476	550
63	551
446	551
461	551
465	551
467	551
469	551
472	22
639	342
745	778
345	552
346	552
75	356
358	552
369	552
263	257
259	185
335	264
972	907
276	553
747	281
285	617
436	554
781	440
450	554
457	554
460	554
464	324
445	220
443	555
460	340
467	555
599	472
418	473
474	555
597	71
325	556
326	822
329	734
330	556
333	556
715	556
335	25
169	846
469	557
470	92
472	557
473	557
474	557
279	557
892	96
77	194
93	84
85	558
87	558
88	558
94	700
265	738
266	472
269	559
58	559
277	471
281	337
309	134
425	999
428	304
429	560
431	74
808	560
457	560
420	461
974	357
419	561
25	998
457	50
479	561
915	472
125	473
560	562
0	562
1	458
2	943
893	562
22	345
23	31
493	563
679	563
497	563
498	563
633	563
517	196
522	563
493	564
204	818
513	724
514	564
525	151
527	269
534	564
232	565
233	565
235	194
329	565
246	565
23	251
259	124
152	26
161	566
577	163
169	566
175	566
180	566
185	566
564	567
566	567
0	567
1	567
8	814
254	9
16	567
432	568
436	568
439	408
442	568
448	305
457	568
460	568
823	113
72	189
192	569
200	569
206	215
769	631
225	569
96	570
113	570
114	570
124	570
127	570
895	570
268	134
329	732
773	571
337	267
357	534
359	571
370	353
377	453
997	261
571	572
274	572
796	275
276	572
543	462
987	572
182	516
517	573
312	573
734	573
536	573
540	573
577	549
529	574
534	574
544	574
545	574
548	574
944	574
556	574
245	82
978	22
877	255
60	575
260	535
583	261
164	575
479	81
83	576
87	235
88	576
90	576
98	576
50	305
317	577
460	430
572	856
469	297
258	489
3	473
21	577
171	457
462	578
464	578
465	578
629	578
736	472
956	473
666	479
223	579
493	579
348	670
501	579
160	579
556	826
263	170
174	60
480	580
179	580
557	580
302	580
542	183
506	581
511	581
765	460
69	381
521	525
524	50
527	113
95	582
99	582
628	582
113	582
119	185
124	582
125	582
373	167
375	806
136	297
882	583
380	583
388	89
396	769
181	229
185	44
186	118
621	584
196	22
197	584
202	154
169	585
187	408
189	585
201	585
526	38
210	585
637	211
71	493
87	586
98	737
111	586
113	586
114	586
124	586
47	587
724	49
50	587
51	587
54	176
468	587
63	427
698	588
310	583
636	586
2	588
256	769
19	208
20	588
199	90
610	106
109	589
113	323
124	589
847	125
126	589
408	590
723	590
55	590
423	590
429	590
884	590
438	196
414	591
92	425
497	446
919	630
460	591
915	467
24	472
522	592
748	592
159	697
162	592
163	592
164	337
176	730
427	593
331	593
333	593
334	593
337	593
342	593
344	593
514	594
366	594
518	139
520	594
175	170
527	594
990	528
817	331
477	778
954	126
127	595
133	595
312	992
732	151
147	596
151	596
707	73
721	160
293	23
162	596
169	336
50	175
53	597
62	597
75	475
83	131
110	674
139	108
434	25
464	111
42	470
807	298
477	94
491	482
787	493
597	599
470	0
711	555
938	18
19	255
370	22
740	334
26	600
50	480
57	237
58	600
242	59
61	172
72	600
71	601
72	601
135	601
87	925
89	601
97	601
113	601
22	602
23	602
24	602
519	4
527	917
27	602
28	299
315	87
319	10
322	603
107	125
841	924
331	603
333	603
333	252
74	124
79	604
96	438
231	97
103	379
106	604
534	605
536	605
776	545
549	605
551	605
333	802
565	605
708	135
136	267
142	606
147	606
148	606
548	606
152	606
436	134
287	607
779	607
460	315
543	607
469	607
949	607
281	608
22	124
23	269
121	608
25	608
812	652
27	12
593	79
596	609
218	599
0	609
1	609
8	641
333	275
898	83
87	610
102	610
104	610
804	277
820	313
787	136
232	816
234	611
237	53
693	238
241	611
617	46
316	249
405	612
438	371
456	612
457	378
472	612
473	612
565	612
99	613
113	613
117	613
474	783
124	613
182	24
18	134
34	25
472	614
152	42
47	614
50	614
56	614
154	187
124	431
125	615
195	615
132	589
142	615
23	441
148	615
75	616
76	27
477	81
90	616
101	524
108	609
900	616
553	95
142	617
148	564
151	617
158	611
164	353
43	179
68	305
309	618
315	618
181	690
327	618
333	618
709	67
109	619
565	619
603	153
126	619
478	134
139	619
423	140
613	93
495	617
0	620
1	620
4	620
11	620
131	800
918	26
406	132
711	133
140	621
417	307
148	185
337	188
448	622
457	807
458	622
465	146
23	853
468	622
974	472
527	623
330	623
551	623
553	974
558	78
617	623
80	623
432	108
784	624
161	624
202	47
831	116
125	624
407	404
483	481
772	625
493	625
33	111
213	625
517	687
525	671
331	626
338	22
354	626
441	916
357	626
370	626
390	181
118	357
128	214
131	627
132	627
135	458
147	627
492	148
859	260
491	628
148	495
461	149
564	111
152	628
156	628
357	629
358	86
367	68
370	469
349	617
378	629
384	629
596	630
606	630
609	722
613	534
595	614
628	25
0	630
433	315
287	631
236	631
305	218
309	631
315	436
258	631
323	793
35	333
334	632
213	34
786	694
356	22
357	632
89	633
113	633
114	633
124	633
126	633
597	633
132	633
317	634
331	634
375	634
378	634
749	873
401	634
406	83
423	635
433	168
140	635
467	635
598	163
472	635
473	171
84	435
440	247
488	588
459	636
156	383
472	636
473	636
410	637
416	826
422	637
425	327
438	381
445	810
281	301
353	638
701	638
356	638
359	94
367	638
357	370
202	2
309	639
315	639
694	552
326	639
329	639
131	639
331	639
575	640
576	637
588	640
592	640
600	640
602	404
440	155
396	641
408	462
435	69
441	728
609	244
457	315
458	641
632	642
633	215
702	376
638	642
4	278
11	642
22	642
84	643
87	164
88	959
169	126
122	643
677	643
140	643
56	186
60	644
406	691
81	644
87	644
92	763
94	644
405	415
420	513
433	645
24	645
789	448
656	457
134	461
141	262
606	82
276	457
282	646
304	646
523	315
316	340
214	647
216	647
227	274
238	647
810	57
249	647
323	225
655	648
51	648
80	648
772	648
204	87
674	648
96	648
152	337
344	113
93	649
357	649
370	649
373	649
390	649
443	456
455	650
457	921
541	650
283	170
845	476
473	650
311	651
620	784
917	651
629	651
630	56
257	514
637	651
929	608
401	148
416	652
107	652
611	681
453	84
457	652
603	653
605	653
608	392
622	653
546	624
878	628
633	317
232	654
235	654
237	654
338	238
241	654
955	28
221	251
665	489
435	378
380	90
389	655
401	655
402	655
426	655
286	127
100	656
113	656
114	5
115	360
118	23
124	656
628	657
633	35
642	657
651	657
654	553
655	657
0	657
84	658
109	658
113	658
114	658
121	658
124	658
125	838
401	659
880	811
410	314
420	659
434	659
191	659
927	628
239	660
244	660
250	615
252	660
253	27
789	660
444	660
373	25
326	375
385	661
394	661
298	661
63	716
406	661
538	662
545	877
827	125
552	662
105	172
554	662
428	165
113	663
986	118
921	124
125	663
131	663
487	663
149	960
684	664
322	664
325	664
821	664
333	139
336	664
289	685
402	251
364	665
892	142
296	429
438	375
442	665
521	453
488	666
71	579
549	307
81	666
651	83
89	666
93	316
433	667
496	679
10	667
457	667
483	22
236	667
912	997
297	668
775	164
108	166
170	93
179	668
181	668
182	668
410	537
172	125
422	669
423	674
425	669
435	669
438	669
579	416
420	525
434	670
95	670
836	438
652	448
457	670
247	317
625	248
249	671
665	414
137	316
259	671
179	271
84	672
914	681
436	672
96	672
358	697
874	911
461	967
698	124
128	673
130	673
142	673
148	673
152	461
791	166
597	478
480	674
583	124
994	488
31	490
689	37
493	82
507	83
15	675
88	675
347	675
524	675
525	162
526	675
527	676
533	251
885	456
541	459
545	654
316	63
564	676
493	677
501	252
510	677
517	124
707	256
869	442
539	140
316	950
168	445
179	399
185	678
132	186
187	678
188	26
394	679
397	494
399	44
401	679
242	402
410	243
420	679
920	680
984	680
336	238
337	680
345	680
356	469
522	684
175	681
178	88
179	681
185	681
158	200
652	201
206	390
242	682
251	682
767	682
259	682
264	356
266	163
315	275
770	259
265	238
267	683
988	683
960	285
301	5
307	683
714	510
294	351
514	684
517	22
518	684
522	319
805	524
154	806
124	685
131	685
134	181
138	685
147	685
151	685
510	436
396	983
401	686
402	686
413	18
420	686
434	686
426	908
431	687
808	687
438	687
439	608
442	85
891	448
605	688
609	493
613	289
960	688
628	688
632	688
6	688
4	689
11	689
838	14
22	689
23	689
24	689
25	689
734	690
22	152
322	23
24	690
25	690
2	690
27	690
282	691
288	3
293	691
300	691
312	691
872	122
644	316
867	522
524	692
527	692
545	692
553	692
563	948
564	692
23	338
849	57
59	693
685	73
52	693
89	693
90	611
588	694
603	317
613	427
785	622
580	694
577	694
639	248
678	322
681	695
685	695
689	695
0	695
1	695
6	695
982	696
473	696
474	704
475	614
650	696
477	696
478	696
617	697
592	957
356	672
361	697
362	697
367	697
283	370
803	698
494	673
302	495
496	76
497	698
498	261
510	698
992	265
268	699
269	699
275	699
567	215
290	699
296	151
310	700
838	471
365	700
958	399
326	0
668	558
341	700
534	1
545	58
546	701
512	717
560	701
564	509
567	50
305	702
315	264
316	282
135	317
323	634
448	948
185	333
113	703
0	493
118	409
313	100
124	703
126	77
131	703
452	624
626	704
32	704
639	704
658	189
662	704
859	664
108	193
110	705
921	113
124	705
40	705
131	410
134	705
992	105
18	706
21	706
22	706
23	706
24	706
25	706
499	707
514	525
524	707
526	707
527	707
586	482
535	158
888	352
356	708
357	708
24	358
367	708
373	708
375	606
111	874
113	709
801	114
280	115
335	709
882	145
390	685
227	178
228	710
229	710
350	710
284	244
245	503
259	227
650	621
263	711
917	544
672	87
676	711
677	3
792	14
274	712
282	712
375	712
289	712
47	712
671	712
326	712
577	713
315	713
262	713
324	713
330	713
333	713
477	481
708	553
709	714
712	151
0	714
1	714
7	714
15	714
530	334
545	315
546	626
566	715
252	799
583	715
588	316
102	716
735	695
969	123
437	617
135	364
96	139
142	716
488	23
493	717
874	842
496	717
162	717
508	276
510	717
760	718
503	718
930	718
597	718
517	718
978	718
524	718
118	106
387	719
394	719
415	475
419	719
694	719
431	719
27	720
166	131
729	45
211	50
51	720
605	720
205	720
22	681
682	22
683	400
690	721
699	721
704	721
707	721
276	722
980	722
440	278
16	285
289	722
232	308
206	309
621	723
469	312
316	723
322	723
839	723
326	416
421	723
490	724
493	724
494	587
74	396
498	175
508	225
514	724
62	725
73	725
966	725
79	322
868	83
88	725
89	725
498	726
508	726
333	726
514	823
30	524
731	480
529	24
188	919
416	189
267	727
194	727
204	727
610	727
216	727
166	728
167	1
169	370
170	728
641	179
189	728
196	728
113	729
114	729
115	729
938	178
119	729
802	729
134	729
156	247
535	730
545	681
551	730
564	315
592	566
753	730
162	527
748	731
167	731
587	731
178	731
180	731
185	96
722	732
0	931
1	732
704	595
8	185
18	732
22	786
339	206
448	458
218	136
368	51
222	215
228	733
244	237
229	734
232	734
235	734
242	221
798	556
259	910
260	92
356	0
367	735
370	44
371	735
527	377
275	716
603	403
426	736
106	736
113	736
124	736
125	736
846	578
133	174
135	20
176	40
181	737
192	737
196	737
206	402
214	737
737	953
0	738
1	87
2	738
559	3
910	738
401	354
350	208
76	739
155	636
224	99
595	739
498	739
124	156
443	740
547	79
266	556
558	569
280	773
876	563
567	740
578	431
439	549
440	741
16	446
457	741
673	741
462	741
296	742
631	206
641	265
649	167
904	652
670	51
672	765
342	5
344	743
461	791
353	912
356	743
357	109
370	743
457	744
460	744
461	744
467	744
472	744
773	745
474	744
919	326
766	745
333	745
473	337
344	237
353	619
356	56
514	689
952	746
695	50
530	746
703	1
90	446
717	746
74	973
81	747
83	684
87	108
237	89
93	747
96	97
97	38
113	748
651	118
121	647
124	748
131	152
834	132
943	749
712	245
334	749
719	749
721	749
510	472
724	681
710	429
712	750
716	0
717	750
722	750
27	724
571	750
166	751
209	450
219	751
221	751
225	751
227	751
232	751
716	196
947	503
731	752
737	124
10	752
739	74
224	740
237	753
153	753
266	753
269	753
271	753
281	581
238	284
165	476
486	754
195	865
884	385
493	480
46	754
495	754
428	755
435	755
441	755
598	423
445	129
450	307
457	322
520	756
524	333
159	671
529	756
534	429
535	756
29	357
0	757
1	757
3	419
14	160
17	757
22	757
717	757
177	91
179	758
371	560
460	181
186	758
192	333
155	200
681	759
435	692
699	759
109	700
703	759
704	759
715	84
64	760
66	85
67	500
159	69
164	124
857	98
112	133
467	761
469	761
472	124
473	761
474	761
463	479
476	761
103	762
461	762
772	762
471	473
301	200
479	682
493	762
644	400
7	73
18	77
20	763
22	763
23	763
24	505
679	764
854	431
664	764
689	540
692	124
695	764
699	764
550	236
353	765
564	11
461	566
567	514
374	580
299	857
738	329
22	766
23	766
24	766
314	766
33	766
439	27
493	148
494	767
500	570
506	81
511	855
514	767
524	767
560	768
564	25
567	768
581	768
670	768
879	768
687	768
298	86
302	769
305	769
315	769
127	316
653	769
324	588
903	573
587	292
96	770
619	214
620	770
378	770
649	770
457	771
802	771
324	204
851	19
493	23
858	305
442	771
268	589
271	772
309	266
315	472
316	484
317	772
919	322
925	545
560	744
659	333
920	552
559	566
567	161
568	773
720	406
726	774
732	774
622	270
25	738
739	215
913	737
781	645
662	775
88	45
679	775
681	775
689	775
71	691
111	776
448	776
326	322
455	282
781	845
457	776
742	776
485	152
49	777
586	239
494	777
495	814
496	214
497	777
761	778
765	431
467	770
380	778
899	125
4	778
55	968
663	779
668	288
681	113
682	467
77	779
625	779
972	491
498	436
514	780
515	780
786	516
518	780
524	780
525	780
300	326
330	333
886	781
338	554
349	781
921	781
357	196
966	98
633	782
853	643
44	649
654	782
671	782
681	737
605	423
619	783
630	783
634	305
646	229
654	783
489	670
928	39
315	53
317	394
322	784
76	784
913	111
345	166
558	785
565	785
567	785
632	363
475	581
153	593
606	785
732	87
36	780
146	786
166	441
179	786
93	186
543	786
400	125
402	787
409	610
7	787
373	420
422	598
427	787
285	212
403	788
420	788
421	788
430	529
435	788
442	473
473	263
336	149
613	244
619	789
637	588
644	789
119	789
575	440
822	790
89	790
113	790
114	790
124	790
125	599
363	791
50	369
939	370
373	791
215	962
384	791
920	386
545	44
741	84
795	551
189	560
566	75
573	792
932	472
259	793
662	793
269	0
275	793
288	523
297	212
375	793
59	794
14	72
895	75
77	797
80	794
81	821
84	794
478	795
480	795
484	634
490	146
613	493
539	494
507	312
115	572
116	796
903	796
122	946
124	796
125	796
142	796
151	797
308	797
413	239
161	797
162	797
169	97
170	797
579	798
588	798
369	591
600	188
601	798
376	774
189	613
30	715
132	799
607	799
139	153
374	799
142	799
287	383
506	699
513	317
932	746
517	147
523	800
524	124
535	15
472	801
473	709
474	801
208	475
480	801
484	801
486	409
508	458
608	511
360	519
39	517
235	522
524	232
528	802
292	803
305	803
315	803
267	316
317	803
407	318
325	803
397	357
398	804
319	804
406	297
419	804
622	804
439	804
179	190
185	232
188	589
206	805
84	684
234	805
237	805
419	74
79	806
87	654
88	709
90	806
885	917
131	806
71	598
78	232
81	26
814	807
977	807
89	807
121	108
679	726
728	808
737	435
738	894
493	923
947	318
541	624
211	18
215	809
487	38
58	239
244	809
245	809
413	251
35	133
762	719
562	302
748	203
637	241
59	810
69	810
472	811
825	811
474	22
477	621
600	811
490	820
491	811
107	812
455	812
457	812
460	812
469	26
472	812
473	350
434	813
448	813
538	458
459	927
23	462
219	113
472	813
344	244
777	349
356	814
433	84
370	814
860	995
119	188
222	278
654	815
664	815
665	224
681	815
687	815
692	815
985	134
460	816
462	316
469	816
472	816
473	816
474	816
73	134
541	929
79	817
84	817
89	817
92	817
96	817
627	93
633	18
654	818
447	95
665	981
671	818
679	1
346	819
25	819
123	371
377	819
385	819
400	819
460	402
493	124
497	820
513	794
517	50
518	969
811	523
524	2
493	821
501	821
794	570
515	821
516	330
517	24
524	821
991	822
136	888
139	822
379	148
154	86
179	822
181	790
551	148
552	823
578	823
586	618
192	228
605	823
215	613
121	824
124	824
174	824
126	824
127	824
33	824
373	329
226	825
998	825
276	825
281	87
366	473
972	420
305	825
715	826
722	826
309	122
725	826
640	720
730	826
737	826
174	14
470	827
466	827
473	827
474	827
475	827
754	79
561	828
566	314
583	316
288	828
606	828
613	828
590	906
286	829
297	681
755	829
875	829
323	829
331	829
790	930
475	603
828	830
612	286
613	26
745	202
581	637
638	451
256	829
830	831
0	831
178	236
14	831
22	831
544	23
329	995
336	457
340	832
345	421
844	47
356	832
357	832
382	833
390	523
96	397
398	833
403	833
585	833
435	89
747	834
6	749
212	753
127	834
272	834
391	748
772	834
113	227
458	835
460	162
816	835
467	835
472	835
473	835
87	836
694	96
113	972
121	836
124	591
787	836
126	836
794	837
798	837
808	837
809	837
810	837
817	837
468	837
662	689
672	838
678	126
681	227
52	838
163	102
265	838
113	472
473	839
474	737
475	839
476	839
477	839
478	224
783	840
306	840
314	840
319	840
681	330
337	840
346	840
179	420
91	437
439	329
908	841
450	883
197	841
829	841
734	842
144	842
383	842
739	747
740	842
197	741
742	842
371	906
566	431
572	471
589	843
613	843
93	843
641	843
315	346
316	217
323	844
326	844
333	356
6	187
340	417
999	845
672	402
311	418
446	472
448	845
453	845
15	845
553	467
560	467
564	846
566	846
663	593
61	847
603	126
363	847
364	847
377	835
384	847
401	301
615	402
408	847
228	177
946	459
978	848
75	323
356	262
185	301
93	848
866	230
311	26
607	849
322	849
56	816
341	145
420	344
492	850
493	850
120	850
495	850
496	486
502	512
513	850
615	851
617	444
620	851
626	851
630	851
641	851
648	472
161	852
162	852
174	852
176	852
354	52
185	467
187	852
758	317
761	782
202	853
864	777
823	467
826	853
118	853
34	854
493	901
494	840
505	854
839	854
975	854
519	854
344	855
173	452
255	178
98	855
584	855
183	855
286	855
99	566
586	856
591	261
226	856
418	619
37	628
71	93
551	149
80	857
473	857
356	567
578	244
125	857
591	760
140	178
181	858
187	858
189	858
196	51
202	771
205	228
650	965
770	859
776	932
780	682
785	413
179	788
803	431
388	560
392	860
394	203
399	860
400	860
414	860
446	860
16	861
438	309
90	861
456	861
920	461
887	861
624	459
115	862
803	862
47	989
818	145
821	314
833	22
844	113
681	863
365	685
687	863
692	863
709	863
259	451
719	863
736	526
737	57
738	864
739	864
740	99
741	924
742	864
801	167
803	148
332	865
808	865
809	967
611	865
817	487
930	289
621	293
297	866
185	866
944	146
715	866
340	5
721	23
44	867
729	867
731	867
322	867
21	196
739	692
446	911
448	868
457	124
460	868
472	868
473	868
474	868
472	869
473	869
474	24
957	475
480	869
486	869
489	533
388	870
247	54
212	258
261	870
264	870
274	870
951	870
751	871
453	871
26	457
458	871
472	361
912	473
474	871
178	121
179	872
181	872
189	872
569	190
200	691
205	872
681	873
406	405
634	687
693	873
538	160
737	315
168	738
643	874
701	647
664	874
709	665
671	874
677	25
829	294
162	113
132	875
359	165
304	167
729	48
180	317
116	183
776	740
850	876
708	876
858	876
859	876
966	876
866	876
394	566
567	633
352	568
271	877
595	575
662	698
101	877
387	773
775	633
776	878
488	783
112	202
790	653
801	22
42	174
178	600
25	959
180	879
181	879
206	879
211	148
62	880
67	880
81	880
970	578
668	659
428	656
644	99
453	973
457	881
461	347
467	30
472	881
473	881
485	881
613	882
895	882
353	378
615	631
23	882
128	654
655	249
526	883
651	883
680	883
681	399
682	35
685	883
689	533
823	179
826	678
829	262
374	884
840	884
844	22
846	489
588	885
601	986
609	534
610	885
358	613
614	885
949	885
806	886
662	384
249	663
665	886
670	628
672	161
452	886
854	27
858	225
860	887
866	403
240	749
80	887
875	887
0	613
1	469
17	343
19	888
822	22
23	888
314	888
394	866
249	889
874	57
877	299
0	889
1	889
8	36
375	921
757	890
841	890
887	890
214	406
419	890
163	643
873	891
420	687
435	891
443	891
446	891
249	453
457	891
572	892
589	892
595	665
609	892
613	892
629	892
553	74
673	893
417	681
656	682
683	893
685	18
687	180
689	893
842	179
181	894
184	894
188	894
189	894
808	232
192	894
703	895
820	711
715	128
721	340
404	895
729	895
782	620
909	896
809	62
817	283
828	896
844	896
856	887
471	859
632	897
795	602
801	897
806	897
808	963
809	402
816	897
47	898
340	48
57	898
66	898
75	898
79	406
414	81
728	899
373	0
375	899
141	378
387	899
85	899
396	472
167	900
152	189
932	113
246	900
189	900
315	900
200	450
602	901
347	305
314	901
315	901
316	754
822	901
378	901
946	902
133	215
385	902
388	420
390	902
394	902
544	399
809	124
365	903
167	259
964	903
829	903
840	401
354	121
677	904
687	742
688	904
542	904
698	904
706	131
708	904
121	54
55	124
127	905
131	905
132	905
140	905
143	625
4	609
843	516
517	906
338	521
259	524
527	189
535	906
775	907
776	907
777	4
782	333
790	65
801	907
809	907
687	275
244	220
8	908
144	50
54	908
944	908
400	908
445	909
448	488
457	436
458	909
215	909
460	909
467	909
0	67
14	910
534	17
193	22
23	910
24	910
25	910
108	672
598	725
113	911
114	911
120	8
122	911
124	911
602	205
631	912
743	609
613	357
620	912
627	912
630	871
275	344
276	87
282	11
287	774
289	913
298	913
315	466
643	914
646	914
223	914
655	845
880	914
663	914
668	914
758	276
899	561
907	915
507	915
4	400
114	15
18	44
433	972
198	626
302	207
215	916
227	20
381	579
234	916
219	917
225	654
227	68
229	108
232	124
237	917
26	244
971	918
448	918
453	918
460	918
361	371
65	949
475	129
438	448
89	919
95	55
303	919
727	99
100	772
102	745
16	189
13	328
773	702
271	535
212	286
89	743
235	824
414	204
419	921
421	921
550	196
436	458
786	530
890	447
664	922
666	922
677	922
767	922
682	922
683	922
684	922
188	808
204	923
212	923
627	923
216	25
217	514
169	923
3	187
31	924
18	139
40	924
810	87
865	59
81	924
398	925
399	513
402	925
414	154
859	925
434	925
601	884
420	926
29	424
655	926
432	926
433	926
84	926
441	926
569	927
681	927
682	659
685	927
692	927
511	112
703	886
286	928
306	928
861	784
933	310
315	928
317	928
319	88
446	161
447	929
455	929
457	394
458	817
704	929
470	929
888	507
893	930
545	930
898	866
182	899
900	302
915	11
305	931
315	88
732	317
325	841
211	282
756	931
336	931
67	932
74	932
75	685
87	932
89	180
91	573
93	800
124	933
57	933
126	933
132	566
137	14
138	928
139	367
122	418
211	698
721	934
116	0
725	738
727	934
733	257
681	11
147	691
703	935
708	935
424	935
727	935
839	935
851	936
845	936
858	936
859	936
103	936
176	485
896	874
524	937
525	232
533	937
540	937
544	937
941	937
547	937
898	179
553	938
915	421
918	938
921	938
922	599
930	938
212	939
216	673
515	939
227	939
234	939
236	636
873	47
823	289
826	940
953	834
839	203
178	840
354	844
846	940
124	995
137	941
830	941
154	941
886	941
965	941
169	488
153	315
709	942
380	722
784	724
732	942
736	942
737	488
348	943
354	493
357	943
365	943
384	708
562	390
391	943
0	944
2	944
4	315
5	551
11	944
17	944
22	745
953	945
616	491
201	945
628	945
633	448
795	945
644	945
796	609
612	946
798	613
638	71
542	946
651	946
654	181
173	947
188	57
189	720
760	190
116	947
197	947
212	947
17	948
961	702
233	959
692	244
245	948
259	948
196	264
641	472
516	949
587	649
654	633
655	949
656	185
349	949
20	950
22	460
23	678
24	950
25	950
26	950
27	950
399	951
350	267
69	951
415	99
418	180
427	83
430	951
365	952
24	173
90	692
94	952
101	952
424	103
114	952
283	225
438	953
441	485
448	940
52	53
646	953
461	953
249	954
295	250
799	270
267	954
269	954
292	954
297	954
112	955
113	405
594	118
124	41
125	955
882	307
147	955
866	524
531	956
235	540
550	956
563	152
95	956
565	741
454	219
229	957
232	957
927	234
238	957
242	957
645	269
312	317
315	22
331	958
345	958
346	958
357	32
367	958
184	959
643	905
907	959
291	402
921	179
925	959
948	56
859	215
357	960
375	520
754	372
377	386
637	622
390	646
0	961
10	961
15	961
17	232
19	961
22	961
23	961
426	962
778	962
436	962
450	962
832	962
472	465
467	378
891	963
893	963
898	963
899	963
897	335
901	963
193	963
493	346
494	295
60	27
58	373
457	273
498	964
499	820
486	167
319	965
859	493
494	965
505	965
444	241
480	196
305	170
315	966
316	766
317	782
318	966
319	400
320	860
457	967
461	397
467	613
469	967
315	967
472	967
865	564
778	437
438	968
448	968
571	968
457	968
458	968
244	467
458	969
472	269
474	969
244	480
57	969
484	969
488	969
898	970
142	663
984	931
469	970
964	84
968	970
275	206
111	971
121	971
883	122
124	971
39	134
707	971
311	440
836	905
911	457
468	972
545	932
933	972
495	934
935	825
737	973
956	738
59	973
302	351
741	408
742	931
881	743
898	974
899	398
907	974
259	974
623	913
921	974
925	622
566	517
916	975
589	975
603	975
607	975
609	975
613	975
875	3
911	976
912	976
469	915
918	976
650	976
922	976
215	87
218	127
226	977
227	977
244	911
646	269
531	977
804	575
596	808
567	859
817	59
821	978
845	978
852	642
610	236
244	979
167	979
259	979
698	979
264	317
263	979
24	980
922	277
926	980
0	980
932	83
958	980
960	980
706	981
661	981
730	981
737	981
738	981
818	739
740	981
737	472
738	982
414	739
243	265
741	982
742	277
743	249
898	107
730	905
907	983
524	911
915	460
916	983
4	919
863	514
603	984
591	984
874	124
875	280
888	984
893	333
671	985
681	344
685	985
692	207
693	428
703	457
715	985
18	11
708	18
21	986
22	986
23	986
24	986
25	986
267	288
268	987
625	67
102	107
289	458
205	682
150	987
936	491
493	287
503	988
507	124
107	988
513	988
705	988
133	989
108	989
811	862
815	989
513	273
171	989
829	989
80	409
351	468
84	990
93	990
460	990
107	594
119	990
554	991
561	991
246	130
567	991
483	991
581	991
603	991
457	196
461	992
472	17
473	992
480	724
800	486
493	992
184	22
185	993
189	993
208	158
226	993
237	613
238	97
911	994
385	994
921	994
922	994
923	674
101	994
930	994
126	493
941	498
832	505
175	641
814	529
533	266
534	201
966	996
35	996
460	996
461	996
462	996
846	147
470	996
300	997
304	997
881	308
309	416
158	315
316	997
318	997
236	149
215	998
161	217
224	998
937	275
236	998
444	116
269	999
391	999
682	999
683	999
684	399
472	689
618	692
