120	9
691	793
370	0
264	1
602	1
462	5
422	597
2	4
170	5
193	765
28	875
373	416
2	11
94	334
2	629
309	3
3	965
4	5
4	964
4	411
4	179
4	166
487	5
5	7
501	8
5	9
136	92
89	6
603	215
6	667
308	8
8	130
75	229
46	9
289	448
10	14
934	840
1	15
2	408
3	15
147	4
627	956
6	15
11	17
155	14
0	16
1	344
2	16
3	447
4	450
7	507
0	17
1	17
518	169
3	214
455	4
520	5
315	354
17	18
0	18
1	613
2	194
864	465
4	18
477	19
1	19
2	19
3	167
771	130
273	19
6	19
1	20
2	20
4	20
5	20
11	20
30	691
170	18
262	21
248	20
180	0
1	11
66	2
3	21
4	21
8	22
10	22
938	11
17	22
18	22
0	22
1	22
17	124
18	634
19	813
294	22
403	23
1	161
2	23
17	24
22	921
481	933
465	318
818	24
2	24
186	905
11	879
65	435
19	455
626	25
23	25
24	561
515	25
494	26
21	26
22	26
23	26
24	288
25	433
0	26
21	27
22	27
23	446
24	750
25	27
26	27
0	108
167	17
22	79
306	771
869	28
243	25
678	28
27	890
248	11
14	156
17	29
18	926
151	29
23	540
24	29
22	30
907	30
24	347
25	30
26	761
27	30
997	726
26	31
445	27
30	31
1	31
7	31
181	50
16	539
0	32
582	1
4	32
9	32
451	32
958	38
811	515
7	33
11	682
17	26
375	33
23	33
24	138
25	118
119	34
1	34
170	484
18	34
183	34
148	34
24	34
20	35
657	721
23	35
24	35
25	632
26	35
990	27
15	130
374	36
962	381
23	36
477	24
25	93
26	36
112	856
22	150
23	37
74	242
25	37
669	26
27	37
0	38
508	38
11	38
20	38
22	38
23	38
24	38
33	92
889	39
38	39
0	971
1	39
4	59
5	39
33	40
814	125
35	89
737	11
193	20
550	40
23	354
207	41
743	715
555	41
22	41
23	41
24	41
120	41
26	20
33	42
453	470
345	525
524	1
553	329
17	469
38	167
0	43
1	461
2	43
10	43
584	43
23	43
17	44
809	44
20	44
21	222
241	22
23	146
24	44
617	227
902	23
832	45
25	45
26	45
27	45
28	624
18	89
22	494
23	46
504	46
502	25
26	46
616	80
624	230
332	101
22	47
23	47
24	470
961	47
26	809
18	48
22	48
23	48
98	977
25	48
26	966
27	48
6	49
407	49
800	275
17	49
322	22
395	23
499	49
44	50
0	50
390	776
16	50
18	50
145	581
22	50
823	50
1	79
4	51
18	377
22	51
145	216
472	733
396	406
98	44
50	52
65	52
0	87
4	693
5	52
611	48
1	331
5	53
2	53
916	53
22	53
23	53
0	54
411	670
958	54
23	54
24	882
614	54
26	397
155	859
919	38
866	39
50	356
482	414
218	1
711	55
38	56
44	238
47	56
0	56
932	148
522	56
9	56
18	57
22	57
23	57
24	125
923	57
26	57
27	435
20	496
22	58
583	23
409	24
115	58
26	58
701	27
44	11
53	739
56	59
0	59
18	59
22	161
23	59
44	60
25	351
4	60
20	487
22	60
23	60
258	24
22	61
189	595
24	61
598	61
26	61
404	61
28	61
22	62
23	927
24	62
25	62
26	113
896	62
28	117
531	575
59	63
259	0
1	416
458	63
22	63
23	63
515	68
22	64
23	64
24	64
25	64
26	4
27	473
62	51
63	65
983	307
446	5
7	65
11	918
565	12
215	39
44	555
50	66
101	66
60	21
64	66
725	0
50	67
889	67
385	896
0	246
910	728
820	618
5	96
422	28
20	30
908	34
917	40
41	68
44	858
54	747
38	69
167	517
45	69
48	69
439	69
978	572
641	63
905	70
18	866
20	70
22	70
23	70
24	584
412	70
5	71
268	71
22	71
878	23
306	24
25	71
425	26
35	72
47	114
784	72
269	5
42	11
22	72
23	72
0	73
8	73
158	73
290	22
23	73
112	24
25	73
47	673
50	74
53	74
57	74
6	74
17	74
18	74
22	75
792	23
24	75
25	14
925	26
27	75
950	28
35	323
536	76
50	76
514	76
60	184
0	329
1	76
186	435
74	35
75	77
0	77
3	77
5	77
17	685
57	78
63	78
64	195
345	75
993	76
763	78
0	122
38	330
312	79
292	79
609	451
62	79
182	561
71	79
50	578
165	80
21	0
1	874
897	14
559	287
23	56
277	720
79	81
0	81
96	1
11	81
22	81
23	81
15	82
702	777
23	42
24	82
25	82
705	82
27	82
44	83
50	11
57	83
5	83
77	83
2	83
619	556
39	84
51	84
54	84
57	808
54	622
59	84
63	84
760	22
23	392
24	85
661	85
26	740
27	85
28	85
22	86
23	440
24	430
685	118
26	86
992	27
472	28
22	87
23	87
24	87
25	99
26	87
139	405
64	28
342	880
23	88
24	88
25	88
26	206
27	670
28	88
42	136
44	89
40	48
172	922
53	77
57	89
297	77
4	446
824	6
11	712
22	90
336	23
655	24
25	90
508	87
89	91
345	1
11	305
15	584
22	841
487	23
74	92
75	18
0	185
551	180
20	92
22	92
23	92
244	89
18	93
22	333
23	149
382	24
238	93
26	356
994	498
75	399
79	94
638	88
89	154
0	2
2	214
832	396
57	50
62	229
255	63
467	0
295	2
3	95
430	611
7	96
674	794
359	433
564	184
22	716
525	268
20	126
22	97
23	97
24	97
506	25
26	124
27	626
332	98
742	98
58	98
59	329
63	53
542	179
81	456
951	675
84	336
89	289
853	412
701	99
7	99
22	99
72	423
83	828
89	100
90	100
92	324
685	703
11	100
456	87
96	984
431	0
1	967
11	898
17	925
686	101
68	102
773	51
83	102
448	87
88	806
89	102
93	102
87	103
92	103
93	663
747	99
0	103
1	103
490	2
10	940
11	104
15	104
17	104
274	732
450	22
533	23
97	105
0	670
139	68
347	473
22	105
23	105
24	105
66	106
320	54
101	106
886	447
1	134
653	2
741	106
987	389
22	449
23	326
24	107
25	140
830	107
352	391
57	264
59	108
64	108
68	108
89	473
96	108
102	192
867	109
1	109
5	109
7	759
25	16
743	17
575	36
20	533
22	110
23	466
24	110
25	6
26	110
230	27
23	111
436	563
40	46
108	438
47	111
521	111
98	111
109	112
8	112
11	87
495	18
20	73
875	22
23	18
17	323
18	274
214	19
22	113
237	50
325	24
25	272
22	114
23	114
24	118
25	114
26	915
27	114
28	203
528	115
33	225
36	217
38	115
955	115
584	174
323	115
930	62
676	116
12	84
94	242
67	27
387	116
667	99
95	117
105	117
218	111
113	724
621	117
104	117
62	445
71	118
114	74
76	118
77	19
408	118
928	719
113	188
59	119
69	0
539	642
983	156
411	960
825	119
5	119
61	120
88	0
70	17
96	162
104	120
112	120
0	494
226	24
27	121
872	31
37	121
38	121
43	121
939	121
21	72
365	122
23	232
128	514
89	78
315	26
27	455
438	35
36	123
585	123
820	123
157	123
57	819
59	123
87	124
88	511
96	124
642	101
502	124
113	124
119	124
113	131
844	124
0	186
642	143
2	125
4	125
20	142
107	126
124	126
23	126
0	318
746	126
6	126
17	970
266	81
583	983
113	127
1	127
15	257
17	127
22	349
68	114
735	115
124	128
125	128
126	128
427	127
0	128
20	654
22	129
549	23
24	129
25	129
755	392
27	129
124	185
125	339
126	192
12	40
146	882
513	17
502	130
0	724
1	131
5	131
148	6
11	131
311	15
17	330
487	132
232	370
0	132
2	163
4	132
5	132
7	431
18	264
22	803
23	133
279	24
267	25
907	26
27	133
209	511
34	131
38	134
526	711
50	124
51	602
59	134
411	135
121	135
124	460
129	75
0	135
6	135
216	464
11	136
17	136
22	367
23	136
24	12
310	25
26	377
627	137
17	671
22	137
23	137
24	13
25	137
566	1
63	138
74	441
76	515
46	33
110	450
118	138
119	138
112	348
113	105
114	139
124	242
127	139
0	139
594	3
105	140
733	106
113	140
114	142
119	230
124	140
125	140
34	141
231	141
259	39
50	141
173	141
52	273
57	141
50	84
93	142
449	725
101	113
712	142
108	142
212	439
118	143
121	191
109	143
129	143
126	427
0	435
686	17
108	144
113	144
126	144
130	144
131	521
492	144
227	144
59	145
202	76
87	20
355	906
99	145
108	51
124	145
50	146
72	146
75	866
78	146
82	146
93	424
706	146
268	14
18	513
22	15
23	147
384	147
25	74
849	147
125	148
127	148
134	148
215	148
0	148
1	148
243	148
31	149
33	149
36	149
39	872
44	149
765	47
789	50
94	150
102	150
106	150
439	111
114	150
315	124
125	315
97	538
738	54
114	151
713	41
124	151
396	151
139	151
82	320
87	152
89	152
99	900
579	155
696	109
113	152
35	703
39	153
42	153
44	317
50	1
508	57
68	153
14	154
16	154
22	181
23	154
24	614
25	109
26	154
118	739
726	124
125	640
127	155
132	155
126	142
148	155
6	156
18	469
20	730
22	156
739	23
423	24
25	156
76	415
0	157
4	157
59	157
22	672
23	157
24	55
99	158
296	113
124	681
131	17
139	857
677	572
141	158
456	159
229	159
96	38
39	159
608	48
50	808
858	159
731	72
84	160
913	160
89	160
90	160
219	890
113	160
141	161
390	161
146	161
996	161
148	113
149	450
82	161
73	162
84	497
121	88
255	699
173	210
752	681
675	126
3	366
137	19
584	235
23	163
635	24
401	658
26	298
148	164
149	266
152	164
155	164
2	164
5	75
22	164
669	165
134	754
138	165
148	75
151	662
152	683
331	159
113	166
114	166
124	166
137	205
630	166
147	166
148	166
742	601
87	167
98	817
174	99
104	167
142	167
124	167
136	238
145	168
148	168
699	168
152	168
762	161
129	168
206	183
0	169
8	125
11	233
17	169
2	18
22	169
100	170
26	54
112	2
113	7
124	170
966	829
846	170
488	134
125	674
679	578
148	171
151	142
829	153
123	171
60	730
74	513
87	172
89	553
97	259
833	266
693	131
43	173
57	473
59	905
67	102
324	582
62	77
89	85
81	174
87	174
36	174
96	125
736	108
111	780
77	174
189	185
4	175
911	175
11	175
22	175
897	23
821	715
108	189
112	176
518	176
132	176
125	176
507	176
139	671
833	177
99	177
21	177
605	878
118	316
124	177
125	177
160	178
166	940
169	178
170	178
175	215
0	124
2	118
44	179
313	45
235	736
50	179
51	179
52	179
57	716
44	326
46	180
893	181
53	352
947	180
72	111
74	180
118	232
124	181
125	618
501	77
137	181
142	181
148	181
143	182
697	148
993	149
151	930
956	182
932	153
190	417
169	102
111	183
117	183
147	183
148	22
73	183
152	64
17	75
78	184
27	101
572	184
125	184
802	126
136	494
235	174
179	185
621	975
5	802
22	185
23	734
24	312
50	186
906	651
39	186
63	77
307	90
78	186
81	186
194	187
182	187
20	297
858	973
15	187
22	187
656	64
152	188
161	188
163	188
166	188
170	188
179	188
181	188
69	292
84	23
87	189
474	162
98	189
186	108
113	189
188	438
488	38
386	190
110	190
106	190
805	9
22	190
166	191
167	39
22	170
179	191
951	191
185	417
189	191
862	226
36	871
375	192
93	192
155	118
159	192
645	625
179	911
181	193
188	148
189	398
750	6
91	827
446	17
36	194
653	194
44	474
777	347
535	57
74	467
213	194
148	195
50	152
854	156
161	486
162	195
970	167
179	345
121	948
761	196
260	196
127	149
132	196
623	133
148	196
191	197
171	197
951	457
59	197
60	239
77	494
102	197
22	198
23	198
24	198
58	198
26	198
27	198
28	198
203	107
109	199
113	199
657	124
805	125
126	199
135	199
50	200
51	735
53	200
969	69
71	200
72	168
586	306
90	612
96	201
106	201
969	108
111	3
113	201
246	430
82	638
83	202
87	134
96	202
797	53
830	101
880	106
860	128
130	199
514	131
114	646
152	456
170	203
935	203
921	524
194	204
563	114
198	648
202	204
475	204
683	564
545	0
1	205
7	205
11	629
552	141
18	205
530	205
83	891
89	227
101	158
97	206
113	206
124	206
125	499
88	207
985	89
93	0
98	207
99	207
102	207
106	207
588	196
205	3
0	801
11	74
22	208
23	208
24	208
17	134
22	209
23	209
24	209
284	209
26	181
27	209
134	124
271	135
89	210
137	204
318	210
142	384
143	516
0	211
366	829
7	211
12	143
14	94
22	330
23	211
81	142
645	870
434	183
87	777
88	212
92	398
793	566
30	342
982	31
740	213
31	724
93	79
56	134
59	213
875	130
11	770
148	214
151	257
152	214
155	214
777	321
196	215
137	685
104	726
560	215
207	848
0	215
397	327
73	135
752	216
77	216
810	216
94	216
584	99
113	216
140	217
146	217
844	148
149	367
150	217
500	152
159	217
124	218
125	218
133	218
879	117
173	152
259	162
166	218
929	124
172	219
179	808
180	958
181	219
91	618
188	324
131	220
136	220
816	139
686	705
976	576
215	467
908	37
78	221
867	221
332	519
0	221
275	337
467	514
82	221
527	50
580	142
534	4
75	222
703	222
401	81
83	222
74	480
82	223
619	223
486	102
107	223
108	654
123	223
658	208
218	510
0	739
1	269
14	224
719	97
18	346
162	87
94	225
935	117
26	662
126	225
556	127
128	225
191	124
125	226
139	225
148	613
954	192
159	566
140	441
838	94
779	227
710	117
764	227
131	227
133	227
134	227
955	228
175	228
887	519
524	180
251	320
546	228
191	67
446	229
79	229
83	229
783	84
89	22
113	368
124	229
179	17
189	230
282	230
202	849
206	230
211	503
212	230
79	231
86	231
398	604
272	264
132	231
265	231
140	231
136	532
945	125
738	141
142	232
148	232
155	232
140	232
44	233
834	701
316	56
346	59
183	50
677	233
75	233
390	234
171	234
173	234
115	234
179	234
181	234
185	281
0	179
2	235
6	235
591	11
16	575
667	241
23	175
148	30
883	236
521	765
48	461
50	370
233	737
868	57
506	386
733	135
148	237
527	237
894	154
158	237
161	237
206	269
211	753
215	25
56	225
548	226
545	227
229	238
162	342
319	239
181	75
182	239
183	239
189	232
206	239
168	240
174	240
597	175
177	240
179	114
181	811
243	240
94	410
163	155
161	153
162	44
163	241
884	386
595	241
133	242
858	242
148	275
149	242
152	923
153	242
164	600
540	494
717	28
99	243
109	425
114	635
124	370
134	808
142	416
286	952
800	77
148	244
26	151
162	244
789	161
227	245
610	481
237	525
240	245
242	245
749	243
244	245
519	51
69	193
560	124
76	246
684	79
84	218
293	735
636	409
867	247
24	247
25	247
380	247
27	247
442	28
124	248
126	248
915	133
142	248
148	29
162	248
355	21
548	80
215	249
218	249
221	279
227	863
230	143
167	232
148	250
714	107
154	250
163	250
164	250
166	250
397	770
131	2
135	509
815	286
153	251
161	399
163	251
177	251
59	252
75	142
224	252
102	252
543	466
113	74
356	252
64	253
71	253
379	253
74	1
82	253
85	253
569	253
35	17
17	254
44	113
47	619
818	50
57	699
83	254
872	11
241	247
836	255
251	255
297	5
11	89
568	12
677	109
124	831
835	127
114	18
164	378
539	256
166	256
153	132
144	257
148	432
151	345
232	152
934	327
160	490
559	977
486	97
362	782
125	419
126	258
260	899
133	258
148	259
149	3
151	161
163	647
448	166
168	63
179	259
180	260
63	261
64	125
75	545
89	124
96	260
104	260
427	193
621	206
210	473
128	211
960	261
380	261
287	229
108	19
848	113
329	438
124	1
224	262
97	329
127	262
22	263
23	359
130	24
768	580
321	263
879	116
28	263
208	68
71	264
75	264
77	264
108	314
84	126
89	264
742	233
241	265
321	239
342	709
262	355
0	265
680	265
995	17
22	373
23	266
67	433
978	25
26	756
495	246
75	267
87	267
92	267
93	267
705	100
549	803
112	267
188	514
189	11
193	147
194	268
62	268
197	268
902	268
409	269
716	724
45	72
50	244
56	679
564	57
869	683
36	270
774	39
42	384
44	270
50	270
59	270
72	270
127	271
138	271
147	271
690	983
341	256
157	271
189	564
113	81
734	272
236	272
239	605
403	240
244	394
134	231
206	273
989	208
214	5
215	273
217	25
563	273
964	229
5	274
995	274
11	274
16	274
17	274
551	274
23	104
11	275
283	71
215	275
23	275
359	24
516	25
26	275
181	276
185	276
420	276
513	390
194	276
196	276
206	276
514	178
216	189
313	81
115	426
457	979
229	277
180	237
124	909
5	47
16	278
432	781
22	278
23	651
463	278
249	43
845	475
155	133
160	279
161	534
361	279
179	279
415	167
676	280
597	280
244	179
868	715
182	280
186	102
108	281
134	484
949	360
148	281
42	149
150	281
153	281
801	180
834	282
202	570
206	282
214	282
237	22
192	282
97	283
505	499
114	283
259	226
119	113
124	283
125	21
338	988
86	284
254	710
148	284
151	442
158	284
179	284
269	119
274	285
289	276
279	285
588	281
0	285
1	179
148	145
152	75
830	153
275	915
159	286
160	286
773	286
26	128
27	395
37	440
792	287
449	799
50	362
871	68
912	604
779	472
233	288
106	288
427	56
57	330
987	64
235	337
239	289
242	289
244	289
245	11
269	289
270	289
255	290
258	73
702	290
265	290
418	331
286	777
0	290
17	97
22	291
456	23
24	291
25	291
26	291
660	981
63	7
76	292
46	292
508	292
87	292
105	195
377	108
865	293
510	149
266	483
318	293
152	293
153	382
155	293
499	294
215	294
232	294
236	526
874	244
256	23
740	294
87	17
483	131
818	295
5	145
121	295
834	124
476	24
87	296
106	158
124	296
128	296
131	620
300	296
762	418
235	297
363	236
252	678
259	297
319	260
772	699
275	162
266	401
269	330
273	472
660	401
4	406
340	298
990	15
620	889
125	299
127	299
725	587
136	299
208	148
149	299
113	467
210	117
412	760
557	300
132	131
453	329
686	300
847	319
23	301
24	301
25	301
448	170
27	301
848	792
225	420
810	229
242	578
701	252
259	916
262	490
264	302
0	508
4	303
7	303
10	303
14	303
22	303
23	822
109	877
102	304
522	304
862	304
124	304
125	9
126	304
20	305
22	305
23	494
24	694
25	305
26	328
495	600
113	28
210	306
125	368
141	306
929	71
147	514
71	148
63	307
69	666
926	72
75	175
740	307
506	645
92	76
226	254
231	308
807	308
238	308
250	403
951	386
261	308
643	309
564	179
180	309
367	309
215	309
166	309
231	933
134	733
146	310
147	310
352	310
152	645
90	310
275	89
145	509
652	311
152	312
153	609
161	311
164	139
169	845
600	137
531	465
248	312
276	527
456	312
428	771
301	312
458	632
865	313
875	313
49	313
860	50
776	179
59	802
97	314
99	441
107	314
124	25
125	314
134	644
67	740
204	405
206	315
208	788
211	150
150	231
242	315
248	315
113	51
124	553
393	125
131	316
137	134
166	139
140	316
366	317
853	316
0	457
1	317
11	317
800	22
23	317
111	151
861	318
124	318
125	318
126	139
127	498
129	318
244	338
259	319
353	264
268	114
931	319
260	287
289	401
241	320
245	22
250	320
259	188
649	260
274	320
275	87
94	265
215	321
222	321
412	815
8	26
395	321
805	21
37	434
39	322
42	322
50	737
177	24
422	69
510	71
305	323
775	289
848	291
295	647
317	323
0	323
589	8
209	324
211	803
221	324
222	339
232	315
219	233
237	324
546	325
241	433
756	325
870	325
270	113
49	606
276	325
249	619
82	676
259	370
17	326
269	370
276	842
283	326
215	527
427	327
206	330
215	232
237	327
197	23
244	327
305	309
312	328
315	328
848	328
979	328
675	704
0	328
193	329
492	198
200	329
444	212
262	779
223	920
591	329
464	298
215	330
322	218
44	79
288	400
244	330
352	330
942	165
316	331
0	631
357	6
16	481
17	373
22	331
983	24
289	47
304	464
622	268
873	150
341	316
317	332
568	17
315	333
907	316
0	333
1	333
11	333
16	453
168	441
179	599
185	181
996	925
188	334
322	189
609	206
26	121
881	335
38	553
42	335
445	44
900	50
246	335
168	336
176	336
179	930
344	17
185	336
596	192
619	893
315	337
750	200
317	128
318	337
326	337
330	823
0	337
189	673
548	319
630	338
88	284
211	338
242	338
243	338
75	679
130	813
324	128
133	339
693	339
135	339
147	96
390	814
152	244
54	16
162	467
258	583
173	388
176	340
66	341
79	791
82	341
980	341
84	153
92	341
97	341
166	342
167	11
170	342
289	179
188	22
192	342
80	473
76	343
81	885
82	343
84	249
90	343
888	53
98	459
22	344
23	344
985	726
25	344
26	344
27	746
28	344
987	562
944	69
79	533
446	92
87	345
98	78
189	107
113	346
114	346
120	233
124	346
964	126
605	131
133	457
287	355
575	149
75	19
767	347
82	517
84	901
0	347
59	871
68	71
88	348
110	348
111	494
113	348
124	348
35	349
109	430
38	668
47	375
50	148
68	349
75	722
113	620
124	350
125	350
127	739
134	350
147	401
812	525
118	465
120	351
124	351
125	351
127	684
139	973
252	83
315	107
176	251
317	352
531	877
377	323
180	329
333	564
284	417
688	353
571	295
303	25
305	353
641	627
828	199
68	940
461	74
78	852
91	434
438	97
105	260
108	354
56	355
590	355
71	139
763	355
73	89
76	355
579	20
206	356
209	88
218	11
232	356
236	356
237	472
248	356
689	357
113	357
287	119
124	357
230	118
15	360
767	357
237	269
240	475
246	358
437	880
259	358
15	358
856	358
179	833
487	826
356	188
176	263
190	976
242	179
195	359
62	721
68	484
66	360
74	134
402	75
76	360
83	270
852	600
62	785
67	361
74	166
485	89
171	361
931	361
261	72
75	362
148	124
87	362
89	362
90	362
5	362
299	363
301	363
640	363
568	334
554	297
290	363
333	363
262	364
265	364
267	364
641	269
244	185
276	364
716	277
393	316
327	22
330	863
698	333
334	365
337	220
195	365
148	517
150	540
152	211
181	315
861	366
982	163
193	282
835	315
755	442
323	367
136	312
217	327
333	367
341	367
349	220
221	635
223	368
227	368
200	352
229	242
244	368
30	369
809	377
39	369
44	369
54	798
59	369
444	369
289	248
293	454
560	370
305	370
309	370
323	599
18	1
213	371
458	84
227	180
239	371
244	371
918	259
188	264
63	450
24	372
90	187
666	372
522	301
124	372
129	372
289	373
740	295
331	964
304	787
305	373
306	373
315	148
0	20
9	226
17	374
20	765
86	795
23	374
24	374
181	166
188	375
189	375
196	114
200	905
206	148
215	22
43	376
283	251
804	218
100	376
315	376
257	376
432	37
139	377
250	802
237	377
245	377
251	369
51	558
260	339
612	103
113	259
72	378
829	440
193	984
137	490
148	319
24	379
26	379
39	72
42	720
47	20
457	379
64	379
615	80
303	380
239	219
83	380
978	380
50	113
139	380
300	459
337	22
741	581
345	381
346	229
357	381
367	381
7	382
746	480
163	382
166	93
176	382
220	10
180	382
179	148
180	99
182	738
939	183
949	383
118	383
192	564
210	295
301	515
270	307
309	384
334	179
387	952
126	384
180	142
185	385
186	846
624	385
206	946
211	67
216	916
960	102
378	44
113	0
500	121
124	386
125	386
134	127
733	387
99	387
379	104
822	131
332	145
795	472
152	387
66	388
75	388
77	388
79	244
81	388
418	388
340	2
17	185
375	389
377	17
807	389
596	128
0	389
946	389
240	340
701	968
651	255
276	330
295	140
35	315
316	344
324	391
585	762
595	391
333	391
491	337
340	391
344	391
776	242
243	392
904	392
370	26
604	392
666	392
360	392
165	393
57	323
507	71
74	393
424	85
934	393
89	931
324	877
330	394
333	761
334	889
342	394
344	394
346	394
418	395
62	937
75	513
287	697
28	395
112	230
89	74
177	396
710	321
142	124
180	396
186	237
188	396
724	196
323	167
201	100
326	397
758	397
337	4
54	338
345	397
196	113
193	218
225	398
558	398
232	398
561	236
242	398
390	399
394	399
0	399
863	1
678	92
8	954
11	399
164	11
166	492
167	75
491	168
596	248
915	179
181	215
344	480
273	356
830	890
982	401
390	113
27	336
326	401
329	402
514	330
866	402
337	527
390	402
737	350
357	514
259	403
933	403
62	403
66	677
74	0
83	403
90	403
820	404
276	404
630	132
301	130
304	404
309	354
640	310
470	315
316	405
785	405
318	645
319	405
320	405
695	405
259	421
264	685
266	406
269	406
659	274
609	406
276	406
192	11
20	137
22	407
23	407
449	407
688	914
878	10
973	216
174	19
905	179
798	408
15	206
218	408
888	237
162	390
163	42
703	164
179	809
801	59
181	409
182	409
1	255
4	402
913	251
15	410
22	316
23	410
24	677
42	150
152	18
161	893
301	154
179	166
181	132
185	464
774	412
225	95
122	609
235	316
344	259
260	412
264	396
668	413
56	809
69	413
91	76
82	413
454	413
92	125
312	414
0	315
316	414
558	671
336	680
232	338
344	898
157	113
119	415
122	280
97	415
125	415
133	415
136	0
333	416
997	334
341	727
345	416
346	416
68	354
461	416
319	262
294	417
269	893
271	417
79	275
287	417
844	108
232	57
402	276
403	25
857	856
986	934
21	83
24	418
604	419
393	419
399	89
96	806
581	99
254	419
240	258
251	849
532	288
702	257
234	101
195	802
396	420
244	420
87	421
938	93
70	876
124	416
463	125
126	528
127	421
179	422
192	2
199	422
211	96
213	422
253	215
232	560
422	792
2	423
444	437
11	156
254	423
18	619
22	423
410	221
390	424
394	716
95	424
251	93
401	424
404	424
43	142
48	289
746	425
53	71
55	425
864	462
10	62
136	426
561	426
147	426
148	426
277	149
152	703
164	48
430	143
23	427
24	427
25	261
26	317
27	288
28	427
920	309
315	97
316	428
317	428
488	416
325	428
985	326
495	330
382	665
623	29
345	429
357	244
362	429
750	365
629	976
780	125
281	147
148	633
151	0
127	450
411	430
47	431
50	431
378	56
57	431
75	431
76	101
244	431
396	411
517	464
142	420
1	151
18	432
22	432
23	131
26	891
511	325
408	266
608	433
272	541
292	275
312	316
113	17
124	898
126	378
127	434
132	159
354	133
213	756
66	166
175	587
181	435
183	759
185	435
186	179
196	17
127	259
132	500
139	436
142	436
148	436
149	436
152	469
184	437
275	5
425	437
301	437
576	358
309	128
315	437
364	88
368	438
369	153
370	438
190	376
377	438
384	354
232	150
236	439
242	439
340	439
248	147
250	439
127	439
281	127
660	285
315	356
323	722
234	482
608	440
340	305
173	258
210	115
262	441
102	441
814	138
289	161
334	290
188	527
696	442
191	27
196	442
367	206
211	442
215	943
327	443
333	527
172	545
344	443
353	443
356	443
756	443
333	232
334	118
710	559
342	71
353	438
40	444
356	444
203	445
212	335
733	445
15	217
295	508
678	251
259	50
759	342
346	446
348	65
350	540
68	446
356	915
344	528
425	447
44	447
51	447
16	149
150	87
156	818
162	0
248	27
252	259
268	791
270	448
376	272
256	448
945	988
161	449
164	449
168	449
516	177
178	670
179	142
278	180
446	450
255	450
735	450
1	152
251	7
372	3
387	900
0	57
23	5
19	16
862	451
407	451
24	451
25	451
420	452
764	452
855	443
573	452
5	747
22	452
218	23
128	453
142	453
849	453
333	148
150	453
151	35
152	133
174	454
990	957
179	215
370	180
192	454
196	454
6	454
244	17
481	455
249	455
252	455
133	455
224	455
275	132
108	456
114	456
152	124
143	291
147	497
676	349
151	606
179	457
180	457
185	457
606	186
188	457
189	457
432	410
987	124
797	458
142	18
462	148
562	149
332	371
152	458
435	459
438	480
415	459
343	262
5	459
458	83
676	18
386	460
394	75
397	460
402	758
135	100
431	460
436	460
775	426
431	461
226	439
455	461
457	187
458	672
148	114
162	333
425	171
178	462
498	462
180	1
641	185
26	24
5	2
143	482
189	747
11	463
17	480
320	463
23	475
167	401
170	211
179	464
26	186
187	464
814	878
287	464
83	312
635	465
704	171
189	0
964	192
215	59
230	465
154	54
252	530
277	466
421	466
913	514
122	466
389	472
206	467
223	865
259	485
518	227
181	467
233	467
237	467
940	468
301	921
305	59
233	990
862	468
315	468
191	818
74	469
414	208
93	672
109	469
113	469
119	228
124	487
149	470
151	461
153	470
764	157
159	470
160	212
161	564
680	471
23	471
24	896
25	810
26	560
695	27
28	471
143	24
148	472
149	999
150	472
278	962
152	472
161	35
541	473
788	969
248	715
251	473
259	473
518	473
299	473
202	474
204	474
213	121
214	474
216	474
138	599
232	474
885	256
903	529
264	475
912	234
258	228
576	0
315	785
79	476
429	476
343	295
98	941
101	476
903	476
337	476
306	477
324	336
324	477
330	113
333	390
339	755
895	616
436	478
792	478
460	87
472	478
495	478
474	619
475	478
761	972
49	479
382	479
391	470
394	479
305	414
416	286
189	480
206	480
209	177
726	214
225	520
229	480
222	243
168	23
344	481
345	722
224	481
275	356
998	481
378	245
440	221
223	55
225	482
598	647
232	534
552	482
242	844
469	483
472	830
108	483
474	483
475	89
476	568
0	483
62	484
71	484
281	331
73	484
74	484
656	917
89	903
953	700
463	410
5	485
8	485
714	348
161	485
22	485
131	309
312	486
850	315
333	113
338	486
344	486
125	3
411	359
416	487
417	148
60	438
458	809
490	459
758	460
169	63
179	878
181	457
942	325
909	185
326	186
146	243
177	783
179	489
130	489
125	489
189	489
965	610
215	932
63	490
206	74
180	378
771	490
96	181
97	487
123	666
549	431
436	491
604	400
439	432
443	491
23	281
457	681
86	492
92	627
76	402
95	492
105	492
613	400
869	132
375	493
943	388
738	700
402	703
405	739
406	493
427	493
140	494
148	494
149	494
150	494
151	87
326	494
161	494
89	620
94	495
916	102
115	495
124	495
125	112
904	473
81	496
83	496
89	496
98	496
108	446
113	496
124	496
164	497
166	497
177	626
435	497
209	497
76	133
185	497
318	723
472	179
906	120
474	498
475	395
477	73
485	498
89	211
113	499
624	499
127	97
50	24
151	499
152	884
436	113
124	500
128	500
131	500
275	217
140	500
143	386
472	394
441	501
474	501
475	501
486	59
491	501
493	501
518	502
142	334
225	500
757	227
713	502
240	102
319	502
196	110
197	503
710	198
215	866
222	503
887	503
752	237
211	75
95	504
104	504
113	504
124	504
125	504
760	504
416	505
417	101
420	5
425	900
763	429
438	505
272	505
367	89
370	113
387	506
390	506
402	506
19	506
681	898
491	913
493	507
494	507
2	507
9	42
17	83
53	267
367	508
370	508
527	375
378	508
382	4
384	84
394	1
295	509
305	509
306	165
251	715
320	509
322	509
331	509
30	382
384	510
630	394
396	510
401	510
752	93
406	322
124	329
239	511
244	451
247	511
248	30
555	264
479	254
977	512
850	308
955	512
298	512
428	512
437	682
438	554
108	513
110	513
113	179
925	114
124	513
128	108
140	23
87	514
122	92
111	514
113	514
124	514
125	203
970	995
154	515
993	546
162	64
384	166
181	0
187	515
189	515
416	438
419	516
426	24
300	843
435	516
436	90
813	443
247	570
248	517
259	517
268	549
274	517
276	517
257	277
604	605
159	518
59	518
164	518
166	289
167	467
175	114
9	2
22	654
23	556
228	24
25	519
564	26
27	519
283	520
370	286
345	520
301	520
317	520
329	520
337	389
265	521
646	521
269	665
275	50
737	276
283	521
292	128
317	113
540	462
336	5
338	357
48	522
346	304
356	522
221	523
965	523
793	237
91	523
244	276
833	252
266	193
415	616
10	524
420	524
285	111
694	784
453	393
457	524
722	525
457	148
114	525
464	23
42	843
670	472
581	25
509	526
510	526
599	526
0	786
864	2
467	14
22	591
309	508
311	897
315	527
592	448
317	152
326	222
330	527
131	528
981	664
140	638
934	528
71	528
148	528
405	528
124	545
899	529
473	529
474	529
463	529
475	540
494	529
383	27
921	227
220	530
238	22
777	606
241	121
255	530
420	531
430	531
812	688
436	47
158	998
440	740
307	27
72	140
78	532
84	532
232	87
718	532
113	829
125	532
124	290
93	128
971	183
148	316
151	533
153	533
206	533
630	515
517	534
520	68
337	534
527	534
279	0
571	1
307	474
308	535
928	208
18	315
317	535
330	535
18	151
748	945
11	536
434	161
19	536
67	536
23	536
24	536
148	537
149	537
726	537
160	537
669	164
167	524
178	537
779	538
411	538
472	873
134	538
474	538
475	538
476	813
73	795
80	546
81	165
85	539
86	96
89	539
620	147
50	493
57	540
458	68
774	366
470	775
74	182
89	540
8	541
185	707
433	628
193	5
595	742
448	460
227	75
230	695
237	542
248	139
255	647
86	542
269	74
906	542
537	543
443	124
534	467
538	637
6	543
15	543
884	188
90	544
663	544
819	45
113	831
116	711
604	544
131	544
167	788
33	992
176	896
982	238
179	545
180	39
181	275
84	7
539	854
257	546
108	225
752	546
200	106
788	237
150	547
151	547
152	547
159	547
161	547
162	547
163	547
189	206
38	375
388	548
399	151
406	238
420	438
422	548
568	597
409	491
416	103
902	549
441	549
141	129
372	472
467	22
468	550
559	550
473	550
474	626
475	550
476	550
63	551
446	728
461	551
465	551
467	551
469	551
472	22
639	342
578	778
345	109
346	461
75	356
358	552
369	552
263	257
259	185
335	264
377	907
276	553
747	281
285	617
436	554
90	440
450	554
457	554
460	554
464	324
445	220
443	555
460	11
467	555
599	86
418	473
474	555
549	306
325	556
326	822
329	734
142	634
333	556
715	556
335	25
169	846
469	557
470	92
472	557
473	557
474	557
279	557
892	96
77	194
93	84
917	558
87	179
88	230
567	700
265	738
266	472
269	179
58	559
277	471
281	653
7	309
425	999
428	304
429	855
431	74
808	560
457	560
420	461
974	357
419	561
25	998
457	50
479	561
44	915
125	473
560	562
0	562
1	687
2	943
438	562
22	39
23	31
493	563
39	679
497	563
498	563
633	170
517	196
522	563
275	352
204	818
513	724
514	564
525	151
527	269
534	564
232	565
233	565
235	194
429	565
246	859
23	251
259	124
152	26
161	566
577	163
169	566
175	566
180	566
185	566
564	567
566	567
0	567
1	567
8	814
115	9
16	94
432	568
436	568
439	408
561	568
448	305
457	448
460	568
823	113
72	189
192	569
200	569
206	215
769	631
225	569
96	570
113	570
114	570
124	570
282	127
895	570
96	134
329	732
773	571
337	68
357	534
359	571
370	353
377	453
997	261
571	572
274	124
796	310
69	276
543	462
987	572
182	516
517	573
312	249
734	0
536	573
540	573
577	549
529	574
534	574
544	574
683	574
548	574
944	574
556	574
245	82
978	22
877	255
60	575
219	535
583	261
63	164
479	81
755	576
87	235
88	576
516	576
98	576
50	305
317	577
460	430
572	856
469	297
258	489
659	3
21	577
171	457
462	578
464	578
465	578
13	745
736	472
956	473
666	479
223	579
493	579
348	670
501	579
160	579
556	826
640	263
174	60
480	356
179	580
557	580
302	580
542	183
506	581
511	581
765	460
772	381
521	525
524	50
527	113
95	32
99	582
628	582
113	582
201	119
124	582
379	125
373	167
375	806
136	297
882	583
380	583
388	505
396	769
181	35
185	44
186	118
621	584
196	22
197	584
202	154
169	585
187	408
277	585
201	585
526	194
210	585
637	211
71	493
87	586
98	737
111	586
750	586
114	628
124	586
47	587
724	49
50	249
51	587
695	54
468	587
63	427
698	588
310	583
636	586
2	588
877	256
19	208
20	588
199	781
610	106
109	589
113	323
124	589
847	125
126	589
408	590
723	590
55	590
423	590
429	57
884	590
438	671
414	591
92	425
497	446
919	630
460	591
915	467
24	472
522	592
50	748
159	697
162	592
163	592
164	337
176	730
427	593
331	593
333	593
334	593
692	337
342	593
344	593
514	594
366	594
261	518
520	594
175	170
527	594
990	528
817	331
477	778
954	126
127	595
133	595
312	992
732	151
147	596
151	596
680	73
721	160
327	293
162	596
169	336
50	175
53	868
62	597
75	475
290	83
110	674
139	108
434	25
464	111
42	470
807	298
477	94
491	482
787	493
597	734
470	0
711	555
938	18
118	255
370	22
740	334
793	600
50	480
57	237
58	600
242	59
61	172
72	600
348	601
72	601
135	601
87	925
89	601
74	583
113	601
22	602
23	944
329	602
519	4
527	917
999	27
28	299
315	87
319	10
322	603
107	125
841	924
331	603
333	603
333	252
74	124
79	604
96	438
959	231
103	451
106	604
524	534
536	605
776	545
549	605
551	346
333	580
565	605
708	135
136	267
142	606
147	606
148	606
548	606
152	606
436	134
287	607
22	607
460	315
543	607
469	607
949	607
281	159
22	124
23	269
121	608
25	608
812	756
27	12
593	79
596	609
218	542
0	609
1	609
8	364
333	275
898	83
87	469
102	610
104	610
804	277
820	313
787	136
232	816
234	611
237	53
693	238
124	241
617	493
587	316
405	612
438	371
456	612
346	378
472	612
473	612
565	612
99	613
113	613
629	117
474	783
124	613
182	24
18	134
34	25
472	614
152	42
47	614
50	614
56	614
154	187
124	431
125	615
195	615
132	817
142	615
23	441
148	615
45	616
102	76
477	81
90	616
101	524
108	609
505	616
553	95
142	617
148	564
151	22
158	611
164	353
558	43
68	305
309	618
315	618
181	690
327	618
219	333
709	67
109	619
565	447
603	153
126	619
478	247
139	619
423	221
613	93
495	617
0	620
1	620
4	620
11	353
131	800
918	26
406	132
711	133
140	261
2	307
148	185
337	188
448	622
457	357
458	622
465	146
23	853
468	622
974	472
527	623
330	623
551	196
553	974
602	558
617	623
769	80
432	108
75	784
161	624
202	47
988	116
125	241
407	404
245	483
772	625
493	625
33	111
213	538
517	687
525	671
331	626
338	22
354	626
441	916
497	331
370	626
390	181
118	153
679	214
131	236
411	627
381	135
147	628
492	148
565	260
491	628
148	495
765	149
564	687
152	186
156	628
357	629
358	86
367	68
370	469
349	617
378	613
384	629
596	630
846	630
609	722
613	181
595	614
628	25
0	630
433	315
287	631
236	631
305	218
309	631
315	436
258	631
323	793
35	333
334	632
213	34
786	694
356	22
357	632
89	633
113	633
114	633
124	633
963	633
597	633
132	633
317	634
331	634
375	634
378	634
749	457
401	634
406	83
423	635
433	168
140	635
194	635
598	163
368	472
64	171
225	435
440	247
488	588
459	636
156	383
472	636
473	636
410	637
416	826
422	637
425	327
643	381
445	810
281	301
353	211
701	638
953	356
359	94
367	638
357	370
202	2
309	639
315	639
694	552
326	639
329	639
131	639
331	639
575	640
576	637
588	170
592	640
600	315
602	404
440	155
396	641
408	462
435	69
441	1
609	244
457	315
458	641
632	642
633	215
702	376
638	642
4	278
11	642
22	642
84	643
87	164
88	959
169	126
122	643
677	643
140	643
56	186
60	644
406	691
314	81
87	644
92	763
94	644
405	415
420	513
433	645
24	645
789	448
656	457
134	461
141	262
606	82
276	457
282	646
304	646
523	661
316	340
214	647
216	647
227	274
238	647
810	57
97	647
323	134
655	648
51	648
80	648
772	648
204	87
674	648
96	648
152	337
344	113
93	649
357	649
370	649
373	649
390	649
443	456
122	650
457	921
541	650
283	170
845	476
473	650
311	651
524	620
917	651
629	651
630	56
257	55
637	5
929	608
401	131
416	652
107	652
611	681
453	84
457	652
603	653
605	653
608	392
275	653
546	624
878	628
633	317
232	654
235	654
237	654
338	238
241	654
955	28
221	251
665	489
435	378
490	90
389	655
827	655
402	655
426	655
286	127
100	656
113	656
114	5
115	360
118	23
124	656
627	657
633	35
642	657
651	657
654	553
655	657
0	657
84	658
109	658
113	658
114	658
121	658
124	224
125	838
401	406
880	811
410	314
420	659
261	434
191	659
927	628
239	660
244	660
250	942
252	660
253	27
789	577
444	660
373	188
326	375
385	661
10	661
298	661
63	716
406	661
625	662
545	877
827	125
552	662
105	172
554	662
428	165
113	663
986	118
921	124
125	663
131	663
487	663
196	960
684	664
322	664
851	664
821	664
333	139
336	664
289	685
402	251
364	665
892	142
296	329
438	375
442	665
521	453
488	666
71	83
549	307
81	97
651	83
89	666
93	316
433	667
496	679
10	667
457	99
483	22
236	667
912	997
837	668
775	164
108	166
563	93
179	668
181	668
182	668
410	537
172	125
365	669
423	674
425	669
143	669
843	669
712	579
245	420
434	670
95	670
836	438
403	652
457	670
247	317
81	248
249	671
665	414
137	316
259	671
179	162
84	672
914	681
436	672
96	672
358	182
874	911
461	317
698	124
338	128
840	673
74	142
148	673
152	461
791	166
924	478
382	674
583	124
994	758
31	380
420	892
493	152
507	83
15	920
88	675
347	675
524	675
525	162
869	675
527	676
533	251
885	190
541	459
545	654
916	316
564	431
493	677
501	252
510	677
517	124
707	256
869	442
539	140
316	950
168	445
353	179
60	185
132	186
187	678
188	26
394	147
397	494
399	44
401	679
242	402
936	243
420	679
920	680
984	680
336	238
337	680
345	11
983	356
522	684
175	681
178	88
315	681
185	681
158	200
705	201
206	390
242	682
251	682
767	682
259	682
27	55
266	163
315	493
770	259
265	238
267	545
988	683
960	285
301	5
134	683
714	510
294	351
514	367
517	22
518	684
522	180
805	524
102	154
124	685
134	685
134	181
197	138
147	685
151	685
510	436
396	469
401	382
402	500
413	18
420	686
434	686
426	908
431	687
808	687
438	695
439	608
442	85
891	448
531	605
609	493
613	289
960	688
628	688
632	688
6	688
4	689
11	689
838	14
22	689
23	689
24	689
25	689
734	690
22	152
322	23
24	690
25	690
2	690
27	690
282	691
288	3
293	691
300	752
312	691
872	122
433	644
867	522
524	692
527	692
545	692
553	692
563	948
564	692
23	338
849	57
59	693
685	73
738	52
89	693
90	611
588	446
603	317
613	455
785	622
580	694
577	694
639	248
678	322
879	695
687	685
689	316
0	700
1	695
6	695
982	826
473	696
695	465
475	614
650	696
477	696
478	696
617	697
592	957
267	672
361	697
362	697
367	697
283	370
803	698
494	739
302	429
496	76
497	698
498	261
510	698
992	265
268	699
269	699
275	699
567	215
290	699
296	151
310	700
838	471
365	700
958	399
326	0
668	558
341	700
534	921
545	58
567	701
512	717
560	276
564	509
567	50
305	702
315	264
316	282
135	317
323	634
448	948
185	333
113	703
0	493
22	118
313	100
124	703
126	77
426	831
452	624
626	704
32	704
47	639
658	189
662	704
859	460
108	193
580	705
921	113
124	652
559	40
131	410
134	705
872	992
18	706
21	706
22	706
23	706
24	706
25	706
499	707
514	525
524	707
526	707
527	568
586	482
535	158
888	352
356	708
357	708
24	358
367	708
373	708
375	606
111	874
113	709
801	114
280	254
335	709
54	145
390	685
227	96
474	710
229	851
350	710
284	244
245	503
259	227
650	621
263	711
79	544
672	87
676	711
677	3
792	14
274	712
282	712
375	712
289	416
47	712
671	712
326	712
577	713
315	713
262	713
324	713
330	357
333	713
752	481
708	553
709	714
712	151
0	714
1	342
7	714
15	714
530	334
545	315
546	626
93	715
177	252
97	715
588	316
102	716
735	474
969	123
437	617
135	364
96	139
142	716
130	488
493	717
152	874
496	717
162	717
508	276
510	913
760	718
503	807
683	718
597	718
517	718
978	718
524	340
118	106
977	719
394	17
415	475
419	719
694	719
431	719
27	720
166	131
729	45
638	50
51	720
605	720
205	720
22	681
545	22
683	400
690	721
225	721
854	704
707	721
276	722
980	722
440	278
16	285
289	722
232	308
206	309
621	723
469	435
412	723
322	723
839	723
326	320
421	723
490	724
493	724
184	587
74	38
307	498
508	225
514	724
62	725
73	725
966	725
79	322
868	83
88	725
89	725
498	172
303	155
333	726
514	823
272	30
731	480
529	24
188	919
416	189
267	727
194	727
204	727
75	808
216	727
166	728
167	1
132	169
551	170
641	179
189	22
196	728
113	729
114	729
115	729
724	938
119	729
802	375
134	729
156	247
535	730
545	681
551	730
564	315
592	566
753	730
162	527
748	731
167	731
587	731
178	731
180	731
185	96
722	732
0	931
1	732
704	541
8	185
18	732
22	786
339	206
448	458
341	136
368	51
222	141
228	733
244	237
185	229
221	74
235	734
242	221
798	556
841	259
260	92
356	0
324	367
370	44
371	735
527	377
275	716
603	403
426	736
106	736
113	736
124	736
704	125
846	578
133	174
135	20
176	40
181	737
192	737
196	737
206	402
214	737
737	953
0	738
1	87
2	693
223	559
910	738
401	354
350	299
76	739
155	636
102	125
673	595
498	739
124	156
443	740
547	79
266	225
558	569
280	773
876	563
567	740
578	431
439	549
440	741
16	446
457	741
673	741
462	741
296	742
631	206
641	265
649	167
904	652
449	51
672	461
342	5
344	743
461	791
94	912
356	743
357	109
370	743
457	744
460	744
461	744
467	744
472	744
773	745
994	738
919	326
766	745
333	745
473	337
344	237
620	619
356	56
514	689
952	746
695	592
530	746
703	1
90	446
717	746
488	973
68	81
83	684
87	108
237	89
93	747
96	97
97	38
113	748
496	651
133	121
124	748
376	152
834	132
943	749
712	245
334	749
719	749
721	749
510	472
724	681
710	429
712	750
716	0
717	466
722	113
27	178
571	750
166	751
209	450
219	751
221	751
225	751
227	751
232	751
716	196
947	503
691	731
737	124
10	477
739	24
224	740
237	753
153	753
266	753
269	753
271	753
281	581
238	284
165	476
486	754
195	35
499	385
493	480
46	754
976	754
428	755
435	755
10	997
598	847
445	129
450	981
457	322
652	520
524	333
159	403
529	756
534	429
535	756
29	357
0	757
1	757
3	419
14	160
17	681
22	757
717	757
177	91
179	758
493	560
534	460
186	758
192	333
297	200
681	759
312	593
297	759
109	700
703	759
323	759
715	84
64	760
66	85
686	67
159	69
164	124
857	98
112	133
467	761
633	469
472	124
473	761
474	761
463	479
476	761
103	762
461	762
772	762
471	473
301	200
479	682
493	762
644	400
7	73
18	77
20	763
22	763
23	763
24	505
679	764
788	431
664	305
760	689
692	124
695	764
699	315
550	236
353	765
564	215
461	566
567	514
374	110
299	857
738	24
22	766
23	766
24	766
314	766
33	766
439	27
493	148
494	767
517	500
506	121
511	855
306	767
524	767
582	768
564	11
567	768
581	768
105	768
879	768
687	115
298	86
942	302
413	769
315	769
127	316
653	769
324	588
903	573
587	292
96	858
619	214
620	770
378	770
649	770
457	771
802	84
324	204
851	19
493	23
858	305
442	771
268	589
271	772
309	266
315	472
316	484
317	69
919	330
925	545
560	744
659	333
920	552
559	566
567	161
568	773
52	720
726	774
732	774
622	270
25	738
146	739
913	737
781	645
662	775
88	45
679	775
681	775
689	356
71	691
111	776
448	776
326	322
455	282
781	845
457	776
742	776
485	152
207	49
586	239
82	494
495	34
496	214
131	497
761	778
676	765
467	770
380	778
899	125
222	778
55	968
663	779
668	288
681	113
898	682
77	779
625	779
972	491
498	436
514	780
515	780
786	275
518	780
524	185
525	780
300	942
330	333
886	781
338	554
349	781
921	781
357	196
966	98
633	782
853	643
44	649
654	782
671	782
681	737
605	423
619	783
630	783
634	305
646	229
654	354
489	670
928	39
315	53
317	394
322	784
76	784
913	111
345	316
558	785
565	444
825	567
632	363
475	581
153	593
606	785
732	87
36	780
728	146
166	441
179	786
93	186
543	786
400	125
402	787
409	610
7	787
373	420
422	598
427	787
285	212
671	788
420	788
919	788
430	529
435	854
442	473
473	263
336	149
613	244
450	789
637	588
644	789
119	789
575	440
822	155
89	790
113	790
460	790
124	790
125	599
363	791
901	369
939	370
373	791
215	962
384	791
293	920
545	44
741	84
795	87
189	560
566	75
573	792
932	472
259	26
662	793
269	0
275	613
288	523
297	149
375	793
59	794
14	72
895	75
77	706
870	794
81	821
84	794
478	795
480	795
484	634
490	146
613	493
539	494
507	312
115	572
116	796
903	754
122	946
124	796
125	796
142	796
151	797
308	797
413	239
161	797
162	797
169	97
170	797
579	798
588	798
369	591
818	600
601	798
376	774
189	613
175	510
132	246
607	799
139	153
374	799
928	799
287	383
506	699
513	317
932	152
517	147
523	800
524	124
535	15
472	196
473	709
474	801
208	475
480	801
484	801
486	409
508	458
608	511
360	519
39	517
235	522
524	232
528	802
948	803
305	803
735	315
267	316
967	803
407	318
325	803
807	397
398	804
319	804
406	297
419	804
622	804
439	804
285	190
185	232
188	431
206	805
84	684
234	805
237	805
419	962
79	806
87	654
88	709
90	806
343	85
131	806
71	598
78	177
678	81
814	807
977	807
89	807
121	108
472	726
728	808
737	435
738	894
493	923
24	947
541	624
211	18
215	809
469	38
58	239
244	523
245	809
413	228
35	133
762	719
562	302
748	203
637	241
850	810
69	924
472	811
361	811
474	22
477	621
600	811
187	490
240	491
107	812
25	812
457	589
460	812
469	26
472	812
473	350
434	813
448	813
151	458
459	927
23	462
219	113
472	813
344	244
777	349
148	356
433	84
370	814
860	995
25	119
222	278
654	815
664	815
665	224
681	815
687	815
692	815
985	134
664	816
462	316
469	816
472	816
473	816
474	816
73	307
541	929
79	817
84	817
89	817
92	817
178	564
353	93
633	18
654	188
447	95
270	665
671	134
679	1
346	819
25	819
123	371
377	819
385	819
400	819
460	402
493	124
497	820
513	794
517	50
518	200
811	523
524	2
493	821
501	821
794	570
591	821
516	330
517	24
524	821
303	991
136	888
139	822
379	236
154	993
179	822
181	790
551	148
552	823
578	823
586	618
192	228
605	823
215	613
121	824
124	90
174	824
126	824
127	824
33	824
98	373
226	825
998	825
276	825
478	281
366	473
972	420
305	825
715	826
722	826
309	871
725	826
640	720
730	826
696	737
174	14
470	827
466	827
473	827
474	827
475	401
754	79
561	828
566	314
583	316
288	828
325	828
613	828
590	906
125	228
297	681
755	829
875	829
323	186
6	72
790	930
475	603
828	830
612	286
613	26
745	202
581	637
516	638
256	829
830	831
0	831
627	178
14	831
131	22
544	23
329	995
336	457
340	832
68	345
844	47
356	832
357	832
382	833
390	523
96	397
398	833
403	833
585	124
435	89
747	834
6	749
212	753
127	834
272	834
391	748
772	834
113	227
458	835
460	162
816	835
467	835
472	835
473	835
87	836
305	96
113	972
121	836
179	124
787	836
126	836
794	837
798	837
808	820
809	837
810	837
589	837
468	837
662	689
157	838
678	126
681	227
52	838
163	102
265	838
113	472
473	839
474	737
475	839
476	839
477	839
478	224
783	840
306	840
314	130
319	840
681	330
337	840
346	1
179	420
91	437
439	329
908	841
138	883
197	841
829	910
734	842
144	842
383	842
739	747
740	842
197	741
742	842
371	906
566	431
572	471
589	843
613	893
93	843
641	843
315	346
316	217
323	844
326	844
333	356
6	187
718	417
999	845
672	402
311	418
446	679
448	153
453	845
15	845
553	467
560	467
817	456
566	846
663	593
61	847
603	126
423	363
364	847
377	835
384	847
401	301
615	402
408	847
228	799
385	459
978	848
75	323
356	262
185	517
93	923
866	230
311	26
607	849
322	849
56	816
341	145
420	344
492	850
493	59
120	850
495	850
496	486
502	512
513	850
615	325
617	444
620	851
626	851
630	851
317	851
648	472
161	852
271	852
174	852
176	852
530	52
185	467
187	852
758	317
761	782
202	853
864	777
823	467
826	853
118	853
34	854
493	901
554	494
505	854
839	854
975	721
612	519
344	855
173	452
255	178
98	855
560	242
874	855
286	855
383	226
586	856
591	139
226	856
418	8
37	628
71	93
551	149
80	857
473	857
356	567
578	244
125	857
591	446
140	178
716	858
372	858
189	151
196	51
202	771
205	286
650	965
770	859
776	932
780	682
785	413
179	788
803	431
388	560
392	860
394	203
399	860
400	860
414	860
446	860
16	861
438	309
90	861
456	861
920	461
887	861
624	459
768	862
803	862
47	989
818	145
821	314
833	22
844	113
162	863
983	422
687	863
692	863
709	900
560	259
719	863
736	526
289	57
738	864
739	864
740	99
741	924
742	864
801	249
803	148
332	949
727	865
809	967
611	865
817	6
930	289
621	293
790	866
185	866
944	146
715	866
340	5
721	23
44	0
729	867
731	867
322	867
21	196
739	692
446	911
448	868
457	124
460	868
472	740
337	868
474	868
472	60
473	113
474	24
957	475
480	869
486	869
489	533
388	870
247	54
212	258
874	261
264	870
113	870
951	870
751	22
453	871
26	457
458	871
472	361
912	473
122	474
178	121
179	105
181	237
189	872
569	190
83	16
205	872
681	873
406	405
634	687
693	873
538	160
737	315
168	738
643	874
701	647
664	874
709	665
503	870
410	25
829	266
162	113
132	875
359	165
403	304
729	48
180	317
935	116
776	740
850	876
708	876
858	876
859	649
48	876
866	876
394	566
567	633
707	352
271	877
595	575
662	698
101	623
387	773
775	633
776	878
488	783
112	202
790	653
728	801
42	174
511	178
25	959
180	879
181	681
206	879
211	148
62	880
88	67
81	880
970	578
668	659
428	656
644	99
453	973
457	881
461	347
467	30
472	881
473	881
300	881
793	882
895	882
353	378
615	631
23	882
128	654
573	655
526	883
651	883
680	883
681	399
124	682
685	883
689	533
823	179
826	26
829	262
374	884
840	884
844	22
846	489
588	885
601	19
609	534
610	885
358	112
614	885
949	885
806	886
662	384
249	663
665	886
670	628
469	161
452	886
854	27
858	225
47	860
866	448
240	749
80	887
875	887
0	613
981	840
421	343
19	888
822	22
23	888
81	888
394	420
249	889
874	57
877	991
0	889
1	889
8	36
1	375
757	890
841	890
28	887
214	406
419	890
163	643
873	891
420	687
206	435
443	891
446	891
249	453
457	891
572	892
589	892
595	665
609	892
689	613
629	892
553	74
608	673
757	417
656	682
683	893
685	18
111	180
689	893
842	591
181	894
184	894
188	894
189	894
808	232
192	894
703	895
820	711
715	128
721	340
404	895
729	895
782	620
909	896
809	62
817	283
828	896
844	896
856	887
471	859
632	80
795	602
995	801
806	897
808	963
809	402
816	897
47	898
340	218
57	898
66	898
75	898
79	406
414	81
728	899
373	0
729	899
205	378
387	899
85	899
966	396
167	900
152	189
932	113
246	900
863	189
315	900
200	450
473	901
764	347
314	901
315	901
796	316
822	901
378	50
946	902
133	215
385	902
388	37
390	902
394	902
544	399
809	124
365	903
167	259
484	964
532	903
840	401
81	354
799	677
687	742
688	904
542	904
698	904
797	131
708	904
121	54
55	611
127	905
131	905
132	905
140	905
143	625
4	609
843	516
517	906
338	521
259	524
527	189
535	473
775	907
776	907
777	4
782	333
790	65
801	907
809	907
687	275
244	220
8	908
144	50
54	908
944	908
398	400
445	909
448	488
873	436
458	909
264	215
460	909
467	909
0	67
14	910
534	17
193	22
23	910
24	910
25	910
108	672
598	66
113	911
114	911
120	8
122	911
124	911
602	205
631	912
743	609
613	357
235	82
627	912
630	871
275	344
276	87
282	11
287	774
289	913
298	913
315	466
682	643
25	646
223	914
655	845
880	914
963	663
668	914
758	276
899	561
907	915
507	248
4	400
114	15
18	44
433	972
198	626
302	207
215	916
227	20
381	579
234	63
219	917
225	654
227	68
229	108
232	124
237	917
26	244
971	918
448	918
453	918
460	918
361	371
865	65
475	129
438	448
89	919
95	55
303	421
87	727
100	772
102	745
16	189
13	328
773	702
271	535
212	286
89	743
235	824
414	204
419	921
421	921
550	196
436	458
786	530
890	447
664	922
666	922
677	922
767	922
512	922
683	922
89	684
188	808
204	923
848	212
627	923
216	25
217	514
169	923
3	187
31	924
18	139
40	924
810	87
865	59
81	924
398	925
399	513
402	925
414	154
859	925
186	434
601	884
420	926
29	424
655	926
432	926
433	926
84	926
441	307
569	927
196	681
682	659
685	927
692	927
511	112
703	886
286	928
306	928
861	784
933	310
315	928
317	309
319	88
446	161
447	929
455	929
457	394
458	817
704	143
470	929
888	507
893	930
545	930
434	333
182	899
900	302
915	11
305	931
315	88
732	317
183	841
211	282
756	931
99	931
573	67
74	932
75	685
87	932
89	180
91	573
93	800
124	933
57	933
126	933
132	566
137	14
138	142
139	367
122	418
211	698
721	934
116	0
725	738
727	934
733	609
681	11
147	691
646	703
708	935
424	935
727	935
839	935
851	936
845	936
770	936
859	936
103	936
176	485
896	183
395	524
525	232
533	937
540	937
544	937
941	937
547	937
898	179
553	22
915	421
918	938
921	938
922	147
930	938
212	939
216	673
515	939
45	939
234	939
236	636
873	47
823	289
826	940
953	834
839	203
178	840
783	844
846	940
124	897
137	941
830	941
476	154
886	941
965	941
169	488
357	315
709	942
380	722
213	784
732	942
736	769
737	488
442	348
354	371
357	943
365	943
384	708
562	390
391	943
0	944
2	345
4	315
5	551
95	944
336	78
22	745
953	945
616	491
201	945
9	628
633	448
795	945
644	945
796	609
612	946
798	613
638	178
599	946
651	946
654	181
173	947
188	57
89	189
760	190
116	947
197	947
212	947
17	292
961	702
233	959
692	244
245	948
259	948
196	264
641	472
516	949
587	649
654	761
655	949
656	185
349	145
124	950
22	460
23	678
24	950
25	950
26	950
27	950
399	57
350	267
69	951
667	415
535	418
427	200
430	951
365	952
24	173
90	692
720	952
101	952
424	103
114	952
283	225
548	953
441	485
448	940
52	53
646	474
552	638
249	954
295	250
799	270
267	954
399	269
292	954
297	954
112	955
264	113
594	86
124	41
125	955
25	882
599	955
866	524
531	956
235	540
550	956
563	152
965	95
565	741
454	260
229	957
232	957
927	234
238	957
242	957
645	269
312	641
315	22
331	958
345	958
346	958
357	32
367	958
184	959
643	408
907	959
291	402
921	179
246	959
948	56
859	215
357	960
375	520
754	372
377	386
637	622
390	646
0	961
10	25
15	961
17	232
19	961
22	961
23	961
426	962
778	962
147	436
450	962
832	36
359	465
467	378
891	126
893	914
898	963
899	963
897	335
901	963
193	963
493	346
494	295
60	27
58	373
457	273
498	964
650	820
486	42
632	319
859	493
494	965
505	956
785	241
480	196
305	170
315	966
316	766
317	782
318	472
319	400
320	122
457	967
461	397
467	613
469	967
315	967
472	967
66	865
778	437
438	968
448	968
571	968
457	968
458	968
244	467
458	969
472	269
474	969
244	480
57	995
484	969
488	969
898	970
142	663
984	931
469	970
964	84
968	970
275	206
111	971
121	971
883	122
124	971
39	134
707	971
311	440
836	905
911	457
468	972
545	932
933	972
495	934
935	825
737	973
956	738
59	973
302	351
741	408
742	931
881	743
898	974
899	908
907	974
259	974
717	623
921	974
925	622
566	517
916	975
589	975
603	975
607	975
316	975
180	613
875	3
911	495
912	143
469	915
918	976
650	976
922	976
215	87
218	127
226	977
227	977
244	911
646	269
531	387
235	804
596	808
567	859
817	59
821	731
845	978
852	642
610	236
244	979
167	979
259	979
698	979
264	317
263	979
24	980
922	277
926	980
0	980
932	83
219	980
960	980
706	981
661	981
730	30
737	469
738	981
818	739
291	85
737	472
953	982
414	739
243	265
741	982
742	277
743	249
898	107
730	905
907	353
524	911
232	460
916	281
4	919
863	514
603	984
591	984
874	35
875	280
888	984
893	333
196	985
681	344
685	985
692	207
693	428
703	457
715	985
18	11
708	18
21	986
22	986
23	986
24	986
25	986
267	288
268	987
625	67
102	107
289	458
205	914
150	987
936	491
493	189
503	988
507	124
107	831
513	988
705	988
133	989
108	989
811	862
815	989
513	273
171	989
829	989
80	409
351	468
71	84
93	990
460	298
250	594
119	990
554	991
561	991
246	130
299	546
323	991
581	991
603	991
457	196
461	992
472	17
473	992
480	724
800	486
493	264
184	22
185	993
176	993
208	158
226	993
237	613
238	97
911	744
385	94
921	994
922	994
923	674
101	994
930	994
126	493
941	498
832	505
175	641
814	529
533	266
534	201
966	996
35	996
460	996
461	996
462	996
846	147
470	384
300	997
304	441
881	308
309	416
764	158
316	997
318	28
236	149
215	998
536	217
224	998
937	136
236	998
444	116
269	602
391	999
682	999
683	999
684	399
472	856
618	692
