120	9
691	793
370	0
264	1
602	175
200	5
422	597
2	4
170	5
248	765
28	875
373	416
2	11
94	334
398	629
309	57
3	965
4	5
4	964
252	4
4	179
4	166
487	5
5	7
501	780
681	5
136	92
89	488
603	486
6	667
308	8
8	130
75	229
46	202
289	448
10	14
934	840
1	212
2	408
794	15
147	4
448	627
327	726
11	17
155	341
501	0
1	344
2	16
3	447
4	229
7	507
0	17
1	17
518	169
3	214
455	4
520	5
315	354
17	18
0	18
1	613
2	785
864	465
4	18
503	477
1	19
2	19
3	167
771	130
273	19
6	19
1	20
2	20
4	20
5	20
11	20
30	691
170	18
262	21
248	20
180	0
1	11
66	2
3	755
4	21
8	22
10	22
938	11
17	22
18	22
0	22
1	22
17	124
18	634
87	19
294	22
403	23
1	161
2	23
699	24
22	921
481	933
465	318
913	818
523	24
186	905
11	879
65	435
19	455
626	25
23	25
24	561
515	390
494	26
153	21
22	26
420	264
24	288
25	433
0	26
21	27
22	27
23	446
24	750
25	27
26	27
536	0
167	17
22	79
306	771
869	28
243	25
678	28
27	890
180	11
14	156
17	495
18	926
315	301
653	540
24	29
24	946
907	30
24	347
25	30
26	761
27	30
997	726
26	31
445	27
67	31
1	31
202	7
181	50
16	539
0	32
582	827
158	740
9	32
451	32
958	38
811	515
7	33
11	551
17	26
375	151
23	33
24	138
25	118
119	832
1	34
170	484
18	34
183	34
148	34
24	34
20	35
657	721
890	23
24	35
25	26
26	35
990	27
15	130
374	36
962	381
23	36
477	24
25	93
26	36
112	856
741	805
411	37
74	242
25	37
669	26
27	37
0	679
508	38
11	38
20	38
22	38
23	38
24	38
33	92
889	39
38	39
0	971
1	39
4	59
5	39
33	850
814	125
35	89
737	11
193	20
550	40
474	367
207	41
743	715
555	41
197	41
812	41
24	41
120	41
26	342
33	42
453	470
345	525
524	1
553	329
17	469
38	167
0	43
1	461
2	43
10	77
584	43
23	43
17	44
809	44
20	44
516	21
789	22
23	146
24	826
617	227
902	23
832	45
25	45
161	823
27	45
28	624
18	89
22	494
23	295
504	46
502	25
26	46
616	80
624	207
332	101
22	47
230	23
977	172
827	961
26	809
18	48
989	48
23	905
98	977
25	48
26	966
27	48
6	49
407	49
800	275
17	49
322	22
395	23
962	499
44	50
0	50
390	776
16	50
18	50
145	581
22	50
26	50
1	79
4	51
18	377
22	51
145	216
472	733
396	77
98	195
50	52
0	65
0	87
4	693
472	5
611	48
1	331
5	591
2	53
916	53
22	53
23	53
0	54
411	670
958	390
23	54
24	882
614	54
26	397
155	859
919	38
866	39
50	356
771	15
218	1
711	55
38	56
44	238
47	56
0	16
932	148
522	56
525	84
18	57
22	57
356	57
24	125
962	923
26	57
27	435
20	450
22	493
583	23
409	24
115	58
26	58
701	27
722	44
53	354
56	59
0	59
18	59
22	161
23	59
44	180
25	351
4	685
20	487
269	22
23	60
258	24
22	61
189	595
24	61
598	61
26	493
404	61
28	61
627	62
23	927
24	62
25	62
26	113
916	62
28	117
531	343
59	63
259	0
1	416
458	63
22	513
23	63
515	68
22	64
23	64
24	64
25	64
26	4
27	473
248	59
24	65
983	307
446	5
7	75
11	918
565	12
215	39
533	555
50	506
101	66
60	21
64	66
725	0
859	50
491	67
385	896
0	96
910	728
820	618
5	96
422	28
20	30
908	34
917	40
41	68
44	858
54	747
38	69
167	18
45	69
48	69
439	69
978	572
641	63
109	70
18	866
20	70
146	22
284	546
24	98
412	70
5	71
268	71
22	71
878	23
306	24
25	71
467	26
208	72
47	114
784	72
282	5
42	11
22	72
23	72
0	98
8	73
158	73
290	22
23	73
112	24
25	73
47	673
50	74
53	74
57	74
6	74
17	74
18	74
22	75
792	564
24	75
25	14
925	26
27	75
950	709
35	323
70	536
50	850
514	394
60	184
0	329
1	76
186	435
74	35
75	77
0	77
3	77
647	77
17	685
57	78
63	78
64	195
345	75
993	76
763	78
0	122
38	330
312	79
292	79
621	451
62	79
182	561
71	79
50	578
165	80
21	600
1	874
897	14
559	287
23	676
617	865
79	81
0	81
96	1
11	81
22	81
23	81
592	15
702	777
23	42
24	230
25	82
705	781
27	82
44	517
50	11
918	83
5	83
77	83
2	83
619	556
39	84
51	84
54	84
57	808
54	622
59	84
63	84
760	130
23	392
24	165
661	85
26	576
828	85
28	85
22	420
23	440
24	430
685	698
361	210
315	992
472	189
22	87
56	87
24	87
25	99
26	87
139	525
64	28
342	880
23	88
24	88
25	88
26	206
27	670
757	88
42	136
44	89
40	48
28	922
53	77
57	89
297	77
508	446
824	6
11	712
22	90
336	23
655	24
25	90
508	87
89	91
345	1
11	305
15	584
540	22
487	23
74	24
75	18
0	185
551	248
261	92
22	92
23	92
244	89
18	481
22	333
23	149
382	355
238	93
26	356
994	498
75	399
79	94
638	88
89	154
0	2
2	214
151	832
57	50
62	229
255	63
467	0
295	2
3	95
430	611
913	7
674	3
359	433
564	184
22	716
405	268
20	126
22	97
23	97
24	16
506	25
26	124
27	626
332	98
742	98
58	98
59	329
63	53
542	179
81	456
951	675
84	336
89	289
315	412
701	99
772	570
22	99
200	102
125	27
89	100
90	100
92	324
666	524
452	100
336	87
96	984
431	0
1	967
11	527
17	925
686	101
68	102
773	51
83	102
448	87
88	806
89	102
93	102
87	103
149	251
93	663
747	99
0	103
1	227
490	2
10	940
11	104
15	104
17	104
274	74
259	22
533	23
97	979
0	670
139	68
347	473
22	987
23	105
24	105
66	106
320	54
101	106
886	447
1	134
653	2
741	106
987	389
22	449
23	237
24	107
25	140
830	107
352	391
57	264
59	108
64	108
68	108
89	473
96	108
102	192
48	867
1	109
5	109
7	759
25	16
743	17
258	575
20	533
22	137
23	466
24	850
25	6
249	110
230	27
23	111
436	563
40	869
108	438
769	111
102	521
347	98
109	112
8	112
11	323
517	495
20	73
875	22
23	18
17	323
18	274
214	19
22	113
237	50
325	24
25	272
22	114
23	114
24	118
25	114
26	915
27	114
28	203
528	115
33	225
36	217
738	733
955	115
584	174
473	115
930	62
676	116
12	84
94	242
67	27
387	116
667	99
95	117
222	117
218	111
113	724
621	117
104	117
62	188
303	118
114	74
76	118
739	77
408	118
928	719
113	188
289	59
69	0
539	642
983	156
411	960
825	119
5	119
61	120
88	0
457	17
96	162
104	120
257	112
0	494
226	24
363	27
622	31
37	121
38	317
43	121
939	121
21	72
365	122
107	232
128	514
558	89
315	26
27	455
438	35
36	212
585	123
820	123
157	123
892	819
59	105
87	124
88	511
96	124
292	642
502	605
113	124
119	124
113	106
844	124
0	186
642	143
2	818
4	125
20	142
107	126
124	126
737	126
0	336
746	126
6	524
17	970
266	81
583	983
732	113
1	127
15	765
17	751
22	349
68	114
735	115
124	797
125	128
126	128
427	127
0	128
20	654
22	129
549	23
24	129
25	67
570	755
27	129
124	185
125	339
126	192
12	40
146	882
513	17
502	130
0	724
1	131
860	131
148	6
11	131
311	15
17	330
487	132
232	370
0	132
2	163
4	132
5	132
289	431
18	264
22	803
23	133
279	512
447	227
396	26
27	133
209	511
382	131
38	134
526	711
50	124
51	602
59	578
34	135
121	135
124	460
129	75
0	135
6	135
216	464
11	136
17	136
22	367
23	136
24	12
310	25
26	377
627	137
17	671
22	162
23	137
24	13
25	146
915	566
63	138
74	441
76	515
49	46
923	450
118	138
119	138
112	348
113	105
114	139
124	242
127	139
985	139
718	594
105	140
115	106
113	140
108	142
119	230
124	392
125	140
34	141
231	141
259	189
50	141
173	141
52	273
57	141
50	84
93	142
449	725
101	113
712	142
884	142
529	212
118	83
121	29
109	143
129	143
126	214
0	435
686	271
108	144
942	415
647	144
228	130
131	521
492	144
227	967
59	145
202	76
87	20
979	906
99	145
108	51
124	264
50	146
72	146
75	866
78	319
82	146
402	633
706	146
268	14
18	513
22	15
23	147
384	147
25	74
991	94
125	148
127	81
134	148
215	148
0	148
1	148
243	148
31	149
33	304
36	992
211	872
44	149
765	47
789	50
677	94
102	150
106	150
439	111
114	150
315	124
125	315
97	633
738	54
114	151
713	41
124	151
652	151
139	151
177	320
87	152
89	152
171	900
579	155
696	109
113	152
35	703
39	153
479	42
44	317
50	1
508	57
68	153
14	154
16	154
22	181
23	154
24	614
25	109
26	154
118	19
726	124
125	640
127	155
132	155
636	142
148	155
6	156
18	469
20	730
975	156
739	23
423	24
25	156
76	415
566	0
4	157
153	59
220	22
23	106
24	55
99	158
296	113
124	681
551	17
139	857
677	572
141	158
456	159
229	159
96	38
39	159
608	48
50	808
858	658
731	72
84	475
913	160
89	923
90	160
219	900
113	160
141	161
390	161
146	45
996	161
148	113
149	450
82	161
73	162
84	497
121	88
255	699
173	210
752	681
725	675
3	366
137	156
584	235
23	163
635	24
229	0
26	298
551	164
149	780
152	164
155	164
2	436
5	75
22	164
645	165
134	373
138	165
148	75
151	662
152	683
331	193
113	166
114	166
124	166
137	205
630	166
147	166
148	222
742	601
87	167
98	817
174	99
104	167
285	167
124	167
136	238
145	168
148	168
699	168
152	168
583	161
129	168
206	183
0	169
8	125
400	233
17	169
2	18
22	169
108	100
26	54
112	2
113	7
124	170
966	829
846	170
488	134
125	674
679	578
148	171
151	142
829	153
466	171
60	730
74	513
87	172
89	553
722	259
833	266
693	131
43	173
57	473
59	905
67	102
324	582
43	62
89	864
17	81
87	174
36	174
96	164
14	904
111	780
77	174
189	185
4	175
911	175
11	175
22	175
897	334
821	715
108	189
112	176
518	176
132	176
125	853
507	176
139	671
833	438
99	177
21	82
605	878
118	316
124	177
125	177
160	178
166	940
169	178
94	178
175	237
0	124
2	118
44	179
313	850
235	736
50	179
51	179
52	179
57	716
44	326
46	180
893	181
53	352
947	358
72	111
74	180
118	243
124	181
125	618
501	77
137	181
142	181
148	181
143	182
697	148
993	149
963	151
956	182
932	26
277	417
169	102
111	183
117	884
147	554
148	22
73	183
152	675
17	75
78	184
481	27
572	184
381	125
802	126
136	494
235	174
179	185
621	22
5	802
22	185
23	252
24	312
50	186
906	651
39	186
63	77
307	90
78	27
81	186
194	187
182	187
20	297
775	858
15	187
22	187
656	64
152	188
161	188
163	188
166	188
545	188
179	188
181	188
69	135
84	23
87	189
474	162
98	189
186	108
113	189
151	438
488	38
386	190
110	190
106	190
805	9
22	190
166	191
167	39
22	170
179	333
951	191
632	417
35	189
862	226
36	871
375	192
93	192
155	118
159	192
645	625
179	911
181	139
188	148
189	2
750	6
91	827
446	17
36	194
653	194
44	566
777	347
199	535
74	467
213	194
851	148
50	152
854	156
161	242
162	195
970	167
179	345
121	948
761	196
260	372
127	149
132	128
623	52
162	196
191	197
171	197
951	457
59	22
60	239
77	494
102	197
22	84
953	198
24	113
58	660
26	198
186	198
28	198
469	480
109	199
37	57
657	124
805	125
126	926
135	199
690	574
464	51
53	200
969	69
71	200
72	168
586	306
90	642
523	201
106	201
969	108
331	3
113	201
246	430
481	638
83	202
87	716
96	202
797	53
830	101
157	880
860	128
887	199
514	131
114	646
163	152
170	203
935	203
921	524
194	204
520	331
198	648
202	81
475	204
706	683
545	0
232	1
7	205
11	493
552	141
18	205
530	389
83	891
89	227
101	32
164	97
113	206
124	206
125	499
88	207
985	89
93	0
98	371
99	207
77	102
106	207
588	115
205	3
0	801
11	74
22	208
23	208
24	208
17	134
22	20
23	648
24	209
284	209
26	181
27	209
40	124
271	135
26	89
137	204
318	210
142	384
143	278
0	211
25	829
7	211
12	569
14	94
22	761
23	211
81	142
645	870
434	183
57	87
88	212
92	398
793	289
30	342
982	31
950	213
31	238
93	79
56	134
59	213
328	875
11	770
148	214
151	257
938	214
155	214
777	321
196	215
137	685
104	726
560	215
796	848
842	52
742	327
73	69
752	216
77	216
810	400
327	216
584	99
113	216
363	24
146	217
844	148
149	75
150	217
500	152
159	217
124	218
125	218
133	218
879	117
173	152
259	162
166	218
929	124
172	219
179	808
180	958
181	219
91	618
188	324
131	220
136	672
816	139
922	686
976	576
215	467
908	113
78	465
867	221
332	376
0	221
275	337
467	514
82	221
527	50
55	580
826	4
75	222
703	222
401	81
143	222
74	421
82	223
437	619
486	102
107	223
108	654
123	223
658	208
218	510
642	739
1	269
14	224
719	97
18	346
162	87
94	225
935	117
26	662
789	958
556	498
128	225
191	124
125	226
139	225
148	613
954	192
159	566
140	441
838	94
779	424
710	117
764	227
131	227
103	133
134	227
955	228
308	228
887	519
524	180
251	320
546	228
191	67
446	229
79	229
382	229
783	84
89	22
113	368
124	229
179	17
50	230
282	47
202	849
263	82
198	771
15	230
250	79
86	231
398	604
272	264
334	132
265	270
140	231
136	532
945	125
738	141
142	232
148	232
155	232
240	140
44	233
24	701
308	316
346	267
183	50
677	280
75	233
390	234
171	234
27	173
115	234
179	234
181	234
185	281
0	179
2	235
6	235
591	937
16	575
667	241
837	175
148	30
883	236
521	765
48	472
50	370
233	422
404	57
506	965
733	135
148	237
527	237
894	382
189	237
161	237
206	269
211	753
215	25
56	225
548	473
545	227
724	229
162	342
319	239
181	75
182	239
183	239
189	232
206	239
168	240
174	240
597	175
177	205
179	114
181	601
243	240
94	410
163	155
161	416
162	44
163	255
884	386
595	241
133	242
858	242
148	275
486	149
152	923
153	242
164	600
540	494
717	172
337	683
694	425
114	472
124	370
134	808
153	142
286	952
406	800
148	244
26	151
162	244
789	161
227	245
906	610
237	525
240	245
242	245
749	243
170	245
519	51
534	69
560	124
76	246
684	79
84	218
293	735
636	409
867	247
24	247
25	256
380	579
27	247
442	28
124	248
126	248
915	133
211	166
148	29
162	62
355	21
548	80
215	894
218	249
247	221
227	863
230	143
167	716
148	250
714	107
154	250
163	250
164	250
166	250
397	770
131	2
135	509
815	286
153	427
161	399
163	251
177	251
59	316
367	142
224	252
308	102
543	466
113	74
356	252
64	253
71	473
383	253
74	1
82	253
85	253
569	253
35	17
17	254
44	113
47	591
31	818
152	57
62	83
872	11
241	247
241	518
251	255
297	5
11	89
568	12
677	109
124	831
835	127
114	18
164	378
913	539
166	214
153	132
144	120
148	432
151	345
232	152
934	6
160	490
559	24
486	97
362	782
125	419
126	258
260	899
133	36
148	259
149	3
151	161
163	647
684	166
168	63
179	259
180	260
63	282
64	125
75	180
89	124
96	260
104	260
427	16
149	206
210	473
128	211
960	261
380	261
287	128
108	696
848	976
329	438
124	1
224	262
97	329
127	262
22	206
23	359
130	24
768	580
321	263
942	879
28	263
208	68
124	71
75	264
436	77
108	314
282	84
89	264
742	233
241	265
321	246
110	221
24	262
658	265
950	482
995	17
22	373
937	266
67	433
978	25
34	756
239	957
75	267
96	267
92	267
59	93
705	100
81	803
494	267
188	514
189	11
193	147
194	268
62	268
197	268
902	268
409	269
716	724
45	72
50	244
56	679
564	337
869	683
36	270
774	39
42	384
44	270
50	270
59	270
72	270
127	271
138	271
131	147
690	983
341	256
157	271
189	564
113	81
734	272
236	272
239	605
403	240
244	394
134	231
206	273
989	208
214	5
215	273
538	25
563	273
964	401
5	89
995	274
11	274
56	274
17	566
551	274
27	259
11	275
283	71
215	275
334	23
359	921
516	25
26	275
181	276
185	276
420	276
513	390
194	276
196	276
206	276
514	448
216	890
313	81
115	830
457	979
229	277
180	237
124	909
5	47
16	278
432	781
22	278
23	651
463	278
249	43
845	475
155	133
160	229
836	534
361	279
179	279
415	167
676	280
597	84
244	179
868	715
233	182
506	111
108	113
134	484
195	360
148	281
42	149
150	281
153	281
801	180
834	282
9	570
261	206
214	282
237	22
192	60
97	283
505	499
114	338
259	226
119	113
124	283
125	21
464	988
86	284
254	710
148	284
151	442
158	284
179	284
269	119
274	142
289	276
941	279
588	281
0	285
1	179
148	145
152	75
0	153
275	915
159	286
160	143
773	286
26	128
27	395
37	440
792	287
449	799
50	362
871	68
912	604
779	633
233	288
106	381
427	132
57	330
987	64
235	99
239	119
242	180
244	689
245	11
269	289
270	289
255	290
258	73
931	702
265	290
418	204
286	175
0	290
17	97
22	291
456	23
24	291
25	291
26	291
660	981
63	7
76	329
46	292
508	510
500	292
105	949
377	108
865	293
510	149
266	483
318	293
152	293
153	382
541	27
648	294
215	985
232	493
236	526
874	244
256	472
504	294
87	17
483	131
818	295
5	124
121	295
834	124
476	24
87	296
106	158
124	512
483	128
131	620
300	296
762	418
766	297
363	236
490	252
259	297
319	260
772	699
275	162
266	401
269	330
273	472
660	542
4	406
798	340
990	15
620	889
559	125
329	299
725	924
136	299
208	148
149	299
113	467
210	117
412	760
557	300
132	131
453	329
686	28
133	847
23	301
24	301
191	25
448	170
27	301
848	792
225	23
279	810
242	578
701	411
259	916
262	241
264	302
0	508
4	317
7	71
10	303
14	303
22	303
23	822
109	877
102	304
522	304
862	304
653	304
125	9
126	304
20	305
22	305
23	494
24	109
25	185
26	328
495	600
113	28
515	306
125	368
141	306
929	71
147	514
44	71
63	307
69	666
926	72
1	75
740	307
506	645
92	76
226	794
231	252
807	308
962	308
250	403
951	386
882	957
643	309
564	179
180	309
367	309
215	309
166	309
231	933
134	733
146	310
147	344
980	310
152	645
194	90
275	89
145	509
652	311
152	312
153	609
161	311
164	139
215	169
600	137
531	465
248	312
276	527
456	312
428	771
301	312
458	108
865	124
875	313
49	313
860	50
776	179
59	802
97	314
99	441
107	488
124	25
125	314
134	354
67	740
217	405
206	315
208	788
211	458
150	231
242	315
248	315
113	51
124	553
393	125
131	316
137	134
166	139
140	316
366	317
853	316
0	457
1	317
11	317
800	22
23	121
111	90
861	318
124	318
125	318
126	139
127	547
129	318
244	338
693	319
353	264
268	114
931	319
260	287
289	401
840	320
245	22
250	320
259	188
649	464
92	320
472	275
94	265
215	321
222	321
412	815
8	795
395	321
805	21
37	434
39	322
42	322
50	737
92	177
428	422
510	71
305	323
775	289
848	291
295	647
317	323
0	323
589	874
43	324
211	803
221	324
222	339
232	315
219	233
237	324
909	325
241	433
756	325
870	325
270	113
49	606
276	162
249	619
82	23
259	370
17	326
269	370
276	215
283	326
215	527
427	327
206	330
175	215
587	237
197	23
244	327
305	309
312	328
315	328
848	328
105	130
675	704
988	328
193	329
492	198
186	329
444	212
262	779
223	920
53	127
260	298
215	330
322	218
44	79
812	288
244	330
435	889
942	165
316	331
0	631
357	394
16	82
17	373
22	331
983	573
603	47
304	464
622	268
252	150
252	341
674	332
568	174
315	333
907	316
0	333
1	333
11	333
16	238
168	441
179	599
185	181
996	925
188	334
513	322
609	206
739	121
881	335
38	553
610	335
445	315
900	50
246	335
448	375
176	456
179	930
344	17
185	737
596	166
619	893
315	337
750	423
317	128
318	337
326	424
330	823
0	337
371	673
548	556
630	338
88	99
211	338
242	628
243	338
75	679
130	813
196	324
133	124
259	339
135	339
147	96
25	814
152	244
54	16
162	467
258	762
173	388
176	340
66	341
79	791
82	341
10	980
84	153
14	92
97	341
166	342
167	11
170	342
289	179
188	22
192	342
80	473
76	420
81	53
82	343
84	249
90	343
888	53
98	459
22	344
23	344
294	726
25	878
26	344
27	746
28	344
105	562
944	69
79	533
690	446
87	345
73	78
28	107
113	346
114	346
120	233
124	346
964	126
605	131
133	70
287	355
575	149
75	19
767	347
82	517
84	901
0	347
59	871
68	71
88	348
3	348
111	494
281	348
857	124
35	349
109	430
38	630
47	375
50	148
68	349
75	11
113	620
124	350
125	350
435	127
275	134
147	401
812	525
668	465
120	351
313	351
125	351
127	684
139	973
734	83
315	107
176	251
317	524
531	877
377	323
180	329
333	564
284	675
688	353
571	295
303	25
305	353
612	22
828	199
68	940
461	74
78	852
482	434
438	97
105	29
108	354
56	355
590	355
193	71
763	355
73	89
251	76
579	557
206	356
209	88
218	11
232	356
236	356
461	237
248	356
689	357
113	357
287	119
124	357
230	474
864	360
767	357
237	269
240	475
246	358
437	92
259	601
15	358
856	358
179	833
487	826
356	188
176	263
190	976
242	179
195	359
62	721
68	484
66	360
74	134
402	75
76	360
83	270
852	600
62	785
935	185
192	74
485	89
171	361
931	86
261	72
75	362
148	124
87	362
89	362
90	362
5	362
299	363
301	363
640	140
23	968
554	497
350	363
333	121
262	364
265	364
82	267
641	269
244	185
276	924
716	277
393	316
327	22
330	863
698	333
334	365
337	232
195	365
148	517
150	540
152	211
181	315
861	366
982	456
193	282
835	315
755	442
323	876
136	312
336	849
333	367
341	367
349	220
28	635
280	368
484	353
200	352
229	242
244	368
30	369
809	377
39	369
44	369
54	798
59	369
444	369
289	18
293	454
560	370
305	370
309	370
462	323
18	1
213	371
414	84
227	180
125	239
244	915
918	259
188	264
63	450
24	372
90	187
666	293
522	892
124	372
196	129
289	373
46	740
563	964
304	787
305	373
306	373
315	148
0	20
9	298
17	374
20	765
845	795
786	23
24	233
181	476
188	269
336	189
196	114
163	200
206	148
215	22
43	376
283	251
804	218
519	100
315	376
257	376
432	37
139	377
250	802
844	797
245	377
56	369
51	558
260	339
612	103
113	259
72	378
829	440
193	984
137	678
148	319
24	379
26	379
39	72
42	720
47	20
457	379
922	64
615	80
303	380
239	219
83	380
442	978
50	113
139	380
300	459
337	22
741	581
345	381
346	229
357	184
911	698
7	34
768	203
163	382
166	93
176	83
220	617
180	382
179	148
180	99
182	738
137	939
949	383
524	118
23	192
210	295
301	515
231	307
309	384
334	796
387	952
126	384
180	142
361	385
186	846
624	385
206	946
211	67
216	916
960	102
378	44
113	0
317	500
124	386
125	386
134	127
733	387
99	387
379	104
822	131
332	600
795	472
820	387
66	388
65	388
251	388
79	244
81	388
418	388
478	2
17	185
682	375
377	17
807	389
596	128
0	389
205	946
240	340
701	968
651	255
276	330
295	140
35	315
310	316
738	877
585	762
595	391
333	189
491	129
739	340
344	391
776	242
232	392
904	392
370	26
604	546
666	392
360	392
85	393
57	323
507	71
127	393
424	85
934	393
89	472
324	877
330	394
333	761
334	889
76	342
344	394
346	394
418	664
62	937
75	513
287	697
28	395
112	230
89	74
177	907
710	321
142	124
180	396
186	237
188	396
724	196
323	167
201	100
326	397
758	397
337	4
54	303
345	397
196	113
593	218
225	71
558	398
232	398
561	236
242	509
663	390
394	399
0	152
863	1
678	92
8	88
11	399
164	11
166	492
167	75
491	168
596	248
915	179
181	215
344	480
273	356
830	890
982	401
390	113
151	336
326	401
329	402
514	330
866	692
337	527
390	402
318	290
357	514
259	403
933	403
62	403
576	677
74	0
83	403
90	403
820	404
276	404
630	132
22	301
304	868
309	354
640	310
470	315
316	405
785	241
318	372
319	405
320	405
695	405
134	259
264	685
266	964
269	851
659	302
609	406
276	406
809	11
20	984
22	407
23	407
449	407
688	914
878	89
973	216
174	19
905	179
798	408
15	206
218	408
888	237
162	390
163	42
703	164
179	809
801	59
76	139
182	409
1	255
4	402
913	251
414	410
936	316
23	410
24	677
42	150
152	18
161	893
301	154
179	166
472	181
185	338
774	412
225	95
122	124
235	316
344	259
260	412
264	396
668	413
56	809
69	413
91	76
82	140
454	413
92	83
312	414
0	315
316	414
558	671
336	680
232	338
344	898
157	113
119	415
122	280
97	415
125	415
133	451
136	0
333	416
997	231
341	727
345	416
346	416
68	354
461	416
319	262
294	417
269	893
271	800
79	350
287	417
844	170
232	57
402	276
403	25
857	856
986	934
21	83
24	542
604	419
393	419
399	89
96	806
581	99
254	419
240	448
251	849
532	288
702	257
234	101
44	802
396	420
244	113
480	87
938	93
70	876
57	416
463	125
126	528
127	421
179	422
759	192
199	422
211	96
213	422
253	86
232	560
422	792
2	608
444	437
19	11
254	423
18	619
22	423
410	221
390	424
394	716
95	424
274	93
227	401
404	424
43	829
48	289
746	425
53	124
55	425
864	462
10	254
136	426
445	426
147	426
148	426
277	621
152	703
570	48
430	143
23	427
861	24
25	261
26	317
27	288
300	427
920	309
315	97
316	69
124	317
488	416
325	428
985	326
495	330
382	126
694	623
345	429
357	244
362	448
750	365
629	976
780	870
472	331
148	633
151	0
496	127
411	430
47	431
50	431
378	56
57	431
75	431
76	689
244	431
396	23
517	464
142	420
1	151
417	18
22	432
23	131
26	891
511	325
408	266
608	433
272	541
292	275
312	316
113	994
124	898
126	378
127	434
132	159
739	133
213	756
66	142
175	587
181	352
183	2
185	26
186	179
196	152
127	259
56	500
139	436
164	142
148	436
149	826
152	469
184	437
275	5
425	223
301	437
180	576
309	128
315	437
364	88
457	368
369	153
370	438
190	376
377	438
384	354
902	150
811	236
490	439
340	297
248	147
250	439
127	439
281	127
660	285
315	356
323	722
786	91
608	440
340	305
173	258
210	115
262	441
849	102
814	138
289	161
334	290
188	527
696	442
191	27
196	442
367	206
211	442
215	943
327	443
333	527
470	23
419	443
353	443
356	443
756	443
333	232
334	118
710	559
342	71
876	353
40	444
476	23
203	445
212	335
733	445
15	217
295	4
678	251
259	50
759	150
346	446
348	65
350	841
68	446
356	1
344	528
425	447
44	447
51	447
426	16
150	87
156	818
162	0
516	27
252	737
800	268
270	448
376	272
256	168
945	988
161	449
204	164
168	155
516	177
178	670
179	142
964	180
446	450
255	450
735	450
1	699
251	7
372	3
387	900
0	57
23	5
19	16
862	451
407	451
415	24
25	451
420	11
764	452
855	443
573	452
5	747
22	452
218	23
229	453
142	453
849	453
333	148
150	453
151	35
152	93
647	454
990	957
179	215
545	370
192	454
196	776
6	454
244	17
93	455
249	455
252	455
133	455
224	455
275	132
108	456
114	456
152	124
143	382
147	497
676	349
151	606
179	457
180	457
185	457
606	186
188	457
189	457
432	410
987	428
797	458
142	18
462	148
562	149
332	371
399	458
435	459
438	662
144	459
343	710
852	459
458	83
676	460
386	460
394	75
397	460
402	758
489	135
431	460
436	93
775	149
431	461
226	439
485	455
457	187
458	672
148	114
162	333
425	171
178	462
127	462
180	1
641	185
26	24
5	2
680	143
189	747
11	463
17	480
320	463
23	475
167	401
170	39
179	464
26	200
187	464
814	878
287	735
83	312
635	465
704	99
196	189
406	192
215	59
230	465
154	54
252	530
277	466
421	466
913	514
122	123
389	472
206	467
223	922
259	74
649	267
181	467
233	467
237	467
940	468
692	921
337	305
473	990
862	468
315	468
191	818
74	469
414	538
93	672
109	469
113	469
119	228
71	487
149	470
151	461
591	157
764	157
159	136
160	212
161	564
680	471
23	471
24	896
25	810
26	560
695	27
28	471
143	24
148	472
149	999
150	92
278	962
152	472
161	35
541	473
788	969
248	715
251	473
259	323
660	473
299	374
528	202
225	204
213	121
214	474
216	474
138	599
232	416
885	256
651	439
264	475
912	234
258	228
576	0
155	785
166	79
429	444
575	295
98	941
101	476
903	476
337	476
306	477
324	217
324	477
330	113
333	390
339	755
895	616
436	478
792	478
460	87
472	478
495	478
474	619
475	478
761	972
842	49
154	111
391	924
6	153
305	458
416	633
189	480
206	480
209	822
427	726
225	520
229	480
24	222
168	23
344	264
345	722
224	481
275	356
998	481
378	245
440	221
223	55
877	482
598	647
232	181
552	482
242	844
469	483
472	345
108	483
474	483
160	341
476	568
0	483
708	368
71	484
281	111
73	782
74	484
656	0
89	903
953	700
463	410
5	485
8	485
714	348
161	461
22	485
131	309
312	486
850	73
333	113
338	620
344	486
125	3
411	359
474	487
417	148
177	60
458	192
490	459
0	460
169	63
179	878
181	457
942	325
909	185
326	186
146	243
731	177
821	489
130	100
125	489
189	489
965	610
215	932
63	242
206	74
180	378
771	490
96	181
97	487
123	666
22	431
436	491
604	400
439	432
443	491
23	281
457	681
86	492
472	627
76	402
318	492
105	492
613	400
46	132
375	493
943	388
738	700
402	703
405	829
406	493
109	427
140	494
148	494
149	494
150	494
151	87
326	112
161	494
89	620
94	495
916	102
115	495
791	124
125	112
904	473
682	496
331	83
89	772
98	496
108	446
113	496
124	496
164	497
166	497
177	626
435	497
209	497
76	133
185	497
318	723
472	179
906	120
118	498
475	395
477	73
485	498
274	211
113	499
624	499
127	97
50	834
33	499
450	884
436	113
124	500
128	500
131	500
275	217
140	500
535	143
472	394
441	501
474	501
475	501
486	59
491	16
61	501
518	502
142	334
225	500
290	28
713	502
240	427
319	502
196	110
197	503
710	198
215	866
222	503
887	103
752	237
622	75
95	504
104	504
113	504
4	124
125	504
760	504
416	505
417	101
420	5
425	900
763	429
639	438
272	505
367	89
370	113
66	387
390	186
402	506
19	506
681	898
491	243
294	507
494	507
2	507
9	42
17	83
53	267
367	508
544	370
527	375
852	508
382	4
384	84
394	1
398	295
305	509
306	165
251	715
320	509
322	509
331	509
30	821
384	510
630	394
396	510
401	510
752	93
406	322
79	124
239	644
945	451
247	511
248	30
555	264
385	479
977	512
850	308
955	512
298	512
24	428
437	682
183	438
108	513
110	995
113	179
835	114
609	513
128	108
140	23
87	514
122	209
479	514
113	514
124	514
125	203
513	970
154	515
140	217
162	64
384	166
181	0
187	515
189	515
416	438
419	516
426	927
300	843
435	516
436	90
813	443
247	99
248	517
259	517
268	549
274	517
276	517
257	190
604	383
159	518
59	518
164	518
166	289
167	663
175	114
9	336
22	654
23	556
228	24
25	519
564	26
27	519
283	520
370	286
345	520
301	114
835	520
329	520
57	389
265	521
646	521
227	717
275	50
737	276
283	521
292	128
317	762
540	462
336	5
283	357
48	522
346	304
356	522
221	523
386	523
793	237
91	523
244	276
833	252
266	193
415	616
10	524
420	524
285	562
628	694
453	393
457	524
722	525
457	148
114	251
464	23
42	843
670	133
581	25
509	425
101	526
599	526
917	374
864	2
467	14
22	591
309	508
311	897
315	527
258	592
737	152
166	326
330	527
131	528
981	95
413	713
934	528
71	528
148	474
797	528
124	545
899	529
473	529
333	474
463	529
475	540
713	529
928	379
921	269
220	530
238	22
777	606
241	121
255	530
86	531
430	531
812	688
436	47
158	998
440	740
307	27
714	546
78	532
280	532
220	813
718	532
113	829
125	532
124	227
93	128
971	183
148	316
151	180
153	533
206	533
630	515
517	534
520	68
337	534
527	534
279	0
571	1
593	474
308	535
928	208
18	315
317	535
330	535
18	151
748	945
11	108
434	161
19	536
67	536
740	536
24	536
148	537
149	537
726	537
160	537
669	371
167	524
178	537
779	538
411	538
472	873
134	538
993	474
475	538
476	813
73	795
80	546
791	81
85	539
246	86
89	930
620	147
50	493
339	617
458	68
774	366
601	470
74	182
89	540
8	541
185	547
538	433
193	5
595	742
18	448
227	75
230	695
401	853
248	139
255	647
86	542
269	74
418	906
537	543
443	124
534	467
208	637
6	543
15	543
183	188
90	544
663	508
285	819
113	831
116	711
604	544
131	544
167	788
149	33
176	896
982	238
179	545
533	39
181	275
84	7
539	854
257	546
108	225
752	546
131	200
326	788
498	150
151	547
152	547
139	159
305	547
892	547
707	163
189	206
883	375
388	548
399	151
406	238
420	438
422	548
568	597
409	491
416	103
902	549
441	549
141	129
372	472
577	22
468	550
559	550
473	550
474	491
475	968
476	550
63	17
446	728
461	551
221	148
467	551
682	469
472	22
20	214
578	778
345	493
346	461
75	356
358	552
369	192
263	257
259	185
335	264
377	907
276	553
747	230
10	45
436	554
90	440
450	554
457	554
460	554
464	324
445	220
443	555
460	703
467	555
599	86
418	473
474	132
879	306
319	325
326	822
329	734
142	634
333	556
715	556
335	25
169	269
469	557
470	92
472	557
473	130
474	557
279	557
892	96
77	194
93	84
917	976
87	232
88	230
567	700
265	324
266	147
269	179
58	299
348	471
281	653
7	309
425	999
428	304
429	855
431	74
808	560
457	560
420	461
974	357
419	561
25	998
457	50
529	561
371	44
253	125
560	562
0	562
1	687
2	943
438	562
22	39
23	31
493	563
39	679
497	563
498	563
633	170
517	196
522	563
275	352
204	986
513	724
514	564
525	151
527	269
534	564
232	565
233	565
235	194
429	565
246	859
23	77
259	124
152	26
161	566
577	905
169	566
474	175
180	566
185	566
564	567
566	567
0	567
1	567
8	814
625	115
16	94
432	568
997	729
439	408
561	568
448	305
457	448
460	568
185	823
72	189
192	569
200	569
206	215
769	631
143	225
96	148
524	113
114	392
124	945
282	127
895	570
96	134
329	732
773	571
337	68
357	534
359	571
370	353
377	453
997	261
571	572
274	124
796	310
69	276
543	599
987	572
182	105
783	93
312	249
734	830
536	573
540	780
577	549
529	574
534	50
317	991
683	23
548	574
944	574
556	118
49	82
978	22
391	290
60	575
219	386
583	261
63	164
148	479
755	66
87	551
88	576
740	516
52	523
50	305
317	607
460	872
360	870
861	297
258	489
659	110
21	577
171	457
462	708
464	578
134	377
13	745
493	472
956	473
666	479
223	910
247	736
348	670
501	579
160	579
556	826
640	263
174	60
480	356
179	580
557	580
302	580
542	183
506	581
511	581
765	460
772	381
431	525
524	50
527	113
931	32
99	582
628	582
113	582
201	119
124	582
705	379
373	167
375	806
136	297
882	583
380	583
388	505
396	47
181	35
185	44
186	118
621	584
196	22
197	584
202	154
169	585
187	408
277	585
201	585
526	194
855	85
637	248
982	71
87	844
98	737
111	586
750	586
114	628
124	586
693	47
724	245
50	249
51	587
72	54
468	327
63	427
698	588
310	583
636	586
2	588
279	877
19	35
20	588
199	781
610	106
109	589
113	47
124	589
847	125
126	589
22	590
723	590
55	956
423	590
429	57
884	327
438	671
414	470
92	425
297	446
919	630
460	591
915	467
24	132
522	592
50	748
696	697
162	592
163	82
164	337
176	730
427	593
331	593
333	307
334	593
692	337
342	593
344	193
514	594
366	594
261	518
157	594
175	170
898	594
990	528
817	331
477	778
954	126
127	739
435	133
312	992
732	396
147	596
151	596
680	73
721	160
590	293
325	596
316	169
50	232
885	868
62	597
75	475
290	83
110	674
139	108
434	25
464	111
42	470
807	298
333	170
491	482
787	493
597	734
470	0
711	555
938	18
118	255
370	22
740	334
793	497
50	480
57	237
0	58
408	59
61	172
145	72
348	601
72	601
838	358
87	925
89	601
485	583
113	775
22	602
23	944
329	602
519	4
527	917
999	27
28	299
315	87
319	10
322	289
107	125
841	924
331	603
333	603
333	873
74	124
79	604
96	438
959	231
778	451
106	604
524	493
536	605
776	545
759	549
551	346
333	580
565	605
708	135
470	267
142	606
147	606
148	606
548	606
152	606
436	134
287	607
467	22
460	315
543	607
875	469
949	607
281	159
22	124
23	125
121	608
25	262
812	756
27	12
593	79
596	609
218	542
0	609
1	609
8	364
333	275
898	83
87	469
102	610
104	42
804	277
774	820
787	136
763	855
3	234
237	53
693	238
124	241
617	493
587	316
405	612
438	371
456	641
346	378
472	612
473	612
565	612
99	613
113	613
629	53
474	783
124	613
182	24
18	134
34	25
472	285
152	42
47	614
50	614
56	114
154	187
124	431
125	615
195	615
132	817
142	615
23	441
148	615
7	45
102	76
477	81
90	616
605	101
108	609
505	616
227	553
142	461
148	564
151	22
158	611
164	353
558	653
68	161
589	309
315	618
181	690
327	618
219	333
709	67
875	109
565	447
603	153
126	619
478	247
139	619
423	221
613	93
495	540
0	620
486	1
4	620
11	353
131	791
918	26
555	406
981	711
140	261
657	2
148	185
337	188
448	211
457	357
342	622
839	146
23	853
468	622
974	472
527	623
330	623
551	0
553	974
602	558
617	623
769	80
423	432
75	784
161	624
202	47
988	116
125	241
407	404
245	602
576	772
946	493
33	111
213	628
517	687
525	671
331	626
338	242
354	626
441	916
497	331
370	626
54	913
738	574
679	214
131	236
411	627
288	135
338	147
492	148
565	260
626	628
148	495
765	134
564	687
152	186
156	628
357	629
358	212
367	68
370	57
349	617
378	613
384	629
596	630
846	630
609	722
613	181
595	614
628	366
0	630
433	315
287	631
236	631
305	218
309	150
315	436
258	631
323	793
35	333
334	632
213	411
786	29
356	22
357	185
89	633
113	633
75	633
124	633
963	633
538	597
132	93
317	634
331	634
375	634
378	634
749	457
401	634
406	83
423	635
433	168
140	635
194	635
598	163
368	472
64	171
225	435
440	247
488	588
459	636
156	383
472	636
473	636
410	637
44	416
422	637
526	327
643	381
445	810
281	301
353	211
701	638
953	356
359	94
367	638
357	370
307	202
959	639
315	505
694	552
326	62
329	639
131	639
331	639
575	640
576	637
588	170
592	640
600	315
602	404
449	440
396	641
408	462
135	595
441	651
609	244
457	315
458	641
632	0
469	633
702	376
638	642
248	4
612	11
22	642
84	643
87	206
88	959
169	126
122	643
677	643
140	643
56	186
60	644
406	691
314	81
87	408
92	763
94	480
405	415
420	513
725	433
24	645
178	789
656	457
134	461
141	262
606	82
276	457
282	124
149	646
523	661
316	340
214	647
216	647
227	274
238	126
810	999
97	5
323	134
209	655
51	648
796	648
772	648
204	87
674	499
96	648
152	654
344	113
93	649
357	649
370	649
373	649
390	649
443	456
122	650
457	921
541	650
283	170
845	476
473	650
311	651
524	620
917	903
629	939
630	56
257	55
637	5
929	608
401	131
416	396
107	652
611	9
453	84
457	652
646	603
92	840
608	392
939	275
392	624
878	628
633	317
232	980
235	654
237	654
338	698
465	241
955	28
221	355
665	489
435	378
490	90
389	655
827	655
402	655
426	655
286	127
100	656
113	656
114	5
115	856
118	23
124	656
627	307
87	35
642	657
1	868
654	553
655	657
0	657
159	84
109	658
113	658
352	658
121	658
124	224
125	838
401	406
880	811
544	804
895	659
261	434
191	659
927	628
239	503
244	317
250	113
252	518
253	104
789	577
444	660
373	188
326	375
385	661
795	661
298	661
232	63
406	661
625	662
545	877
827	125
552	662
123	172
554	662
428	165
420	399
986	118
921	124
467	269
131	663
487	663
315	196
684	24
322	664
406	664
382	664
333	181
336	664
289	685
402	251
364	665
892	142
296	329
438	375
317	380
521	453
488	666
71	83
549	307
81	97
651	83
89	685
93	316
433	667
496	679
10	667
457	99
764	22
236	667
912	997
36	668
775	164
108	166
563	93
179	668
181	118
182	668
410	537
720	172
365	669
423	317
425	669
143	669
843	669
712	579
245	420
434	670
95	670
836	438
403	652
457	330
247	252
81	248
249	671
665	414
342	316
259	671
179	162
84	672
914	681
436	672
96	672
358	182
874	911
277	574
698	124
338	128
840	673
74	142
646	673
152	461
791	166
587	340
291	674
583	124
994	758
31	380
39	892
493	152
507	83
15	920
432	88
347	675
524	675
525	162
64	869
527	676
822	533
885	190
541	459
545	654
916	316
564	431
629	479
317	501
510	677
517	124
549	707
869	442
539	140
316	265
168	561
227	179
60	113
132	186
187	678
188	26
394	147
397	494
399	44
401	679
242	402
936	243
420	679
920	680
984	680
336	238
337	680
345	11
983	356
265	522
175	681
954	178
315	681
185	681
158	462
705	201
206	390
242	682
251	682
767	682
259	682
27	142
266	163
315	493
770	587
265	238
267	244
988	683
614	960
301	5
134	683
714	510
834	294
514	367
517	22
836	684
60	522
805	164
102	154
124	685
134	685
134	181
197	138
147	685
151	685
510	436
396	469
401	382
402	87
413	18
343	686
434	686
426	908
431	687
337	808
438	695
439	608
442	85
891	448
531	605
609	493
613	289
960	688
628	688
632	688
6	688
4	689
11	689
838	736
22	689
23	689
24	689
101	25
734	690
22	152
322	23
24	690
25	200
2	92
27	690
282	853
288	3
293	691
300	862
312	691
22	624
511	433
867	522
703	692
527	692
545	151
402	553
563	948
564	692
23	338
3	849
59	693
60	73
738	52
89	259
90	611
178	446
121	603
613	455
785	872
580	694
577	694
639	248
678	322
879	695
687	685
289	316
0	700
1	984
6	695
982	826
473	159
695	465
475	614
650	696
477	696
19	478
754	617
592	957
267	672
361	697
362	697
367	697
283	370
803	698
494	739
302	429
496	76
600	698
498	261
118	510
992	265
268	699
375	699
275	17
567	215
290	699
296	234
310	700
838	471
365	700
958	399
326	0
668	78
341	700
534	921
545	58
567	701
296	717
560	276
564	509
567	189
305	702
315	264
316	282
135	665
323	634
448	948
185	333
113	703
0	493
22	118
313	100
124	703
281	589
426	831
452	624
626	704
32	704
47	639
658	189
662	704
859	460
108	193
580	705
921	113
124	652
559	40
131	410
134	108
872	992
18	706
21	706
22	564
23	706
24	706
25	706
499	707
514	525
524	707
237	561
274	527
586	482
535	158
888	352
356	708
357	708
24	358
578	367
373	708
375	606
111	874
113	709
801	114
280	254
335	709
54	145
390	685
227	96
262	474
229	851
350	710
284	244
245	19
664	259
650	621
263	711
79	314
672	760
676	711
677	3
792	14
274	712
282	712
375	712
902	289
323	712
671	712
326	712
577	713
315	494
262	713
638	324
330	633
191	713
752	481
708	553
709	695
712	151
0	714
1	342
7	714
15	714
530	275
545	315
546	626
93	715
177	252
97	715
588	316
102	421
735	474
969	248
437	617
135	364
96	547
142	716
20	488
493	717
152	874
6	717
137	717
508	276
510	96
760	718
503	807
945	683
740	597
517	611
978	718
524	340
118	494
977	719
394	17
415	475
419	719
694	719
431	719
27	950
166	131
729	45
288	182
51	720
605	720
205	125
22	681
545	22
243	400
690	721
225	721
854	704
707	721
305	722
980	97
440	278
16	285
289	722
232	308
206	309
621	723
469	435
412	723
322	723
839	723
326	320
421	723
148	545
58	724
184	587
74	38
307	498
508	225
514	724
62	725
73	725
867	966
79	322
868	83
88	645
89	126
498	77
303	155
333	726
514	823
272	30
731	480
529	24
188	919
416	420
267	727
194	727
824	727
75	808
216	727
166	469
167	1
132	169
551	170
641	179
189	22
196	728
745	113
114	436
115	729
724	17
119	729
802	375
748	729
156	247
535	730
545	681
235	730
564	315
274	592
753	730
162	527
149	731
167	731
587	731
178	731
180	731
185	87
722	732
0	931
1	732
704	541
8	185
18	732
22	234
339	206
448	458
341	136
368	51
222	141
228	733
215	244
185	229
221	74
235	734
242	221
798	556
841	23
880	260
356	0
324	367
370	148
85	735
527	654
275	716
603	403
426	736
106	736
113	736
124	928
704	125
846	578
133	174
209	135
176	134
259	181
660	192
196	737
206	402
214	737
737	953
473	738
1	87
2	693
223	559
910	738
401	354
350	299
76	739
155	665
102	125
673	595
498	739
124	156
443	740
547	329
266	474
558	569
280	773
876	563
567	740
578	431
439	549
440	741
16	446
457	741
673	741
462	741
296	742
631	206
373	237
649	167
904	652
449	51
672	461
342	5
344	743
461	165
94	912
356	743
357	109
370	743
457	744
460	744
461	744
467	744
472	744
773	745
994	153
919	326
766	745
333	745
473	337
344	237
620	619
356	56
514	689
952	746
695	592
530	746
703	761
90	446
717	746
314	973
68	81
83	684
87	108
237	89
460	747
96	97
97	790
198	748
496	651
133	121
124	748
376	152
834	132
943	749
712	245
334	749
719	749
721	749
510	472
724	681
710	429
712	750
716	0
717	466
722	113
27	178
571	750
166	751
123	450
219	751
127	221
225	751
227	751
232	345
716	196
947	503
691	83
737	124
10	477
739	24
224	740
237	753
153	753
266	753
846	753
271	753
281	581
238	23
165	476
486	754
904	195
499	254
493	480
46	697
558	754
428	755
435	755
10	997
598	847
445	129
450	981
457	322
652	520
524	333
159	403
529	756
534	429
535	756
29	357
220	757
1	992
3	419
14	160
17	681
22	757
665	757
177	91
179	758
493	560
534	460
186	758
552	477
297	200
681	145
312	593
297	759
109	700
11	759
323	759
715	84
64	760
210	66
686	67
159	69
164	124
857	98
112	319
330	467
930	469
472	124
473	761
1	474
677	463
476	761
103	762
976	762
772	762
471	473
301	200
479	389
113	493
644	400
7	73
172	209
20	738
22	232
574	763
24	505
679	483
788	431
664	950
87	689
692	124
695	764
699	315
550	236
353	765
564	215
461	566
567	514
374	110
299	857
738	24
22	766
23	766
24	235
314	834
33	766
439	27
493	148
494	767
517	500
506	121
511	855
623	767
524	767
582	768
564	11
567	746
581	768
105	768
226	768
196	687
298	86
568	942
413	769
573	960
127	316
174	769
324	588
903	573
587	292
96	858
619	639
620	770
378	770
649	770
457	211
802	84
324	204
851	19
493	23
858	305
442	482
268	618
271	616
309	266
315	472
316	484
317	69
670	919
724	925
560	744
659	333
920	552
559	566
567	161
568	773
52	720
15	774
732	774
622	270
25	738
146	739
913	23
781	645
662	775
88	45
679	775
681	973
689	356
71	691
408	111
590	454
326	322
455	126
27	364
457	776
742	776
485	152
207	33
586	239
82	494
495	26
256	496
751	497
761	103
257	676
467	770
380	778
899	125
222	778
568	55
663	779
668	288
681	113
898	682
77	779
625	779
972	491
498	436
266	514
8	210
786	275
518	780
524	185
525	780
300	116
330	333
886	781
338	554
349	781
921	781
357	196
966	930
633	782
176	643
44	649
654	782
671	782
681	737
605	423
619	783
630	783
634	305
646	229
654	354
489	670
928	39
315	53
317	394
322	784
76	784
913	111
903	316
558	785
565	444
825	567
632	363
475	581
153	593
606	785
732	87
573	837
183	728
166	441
179	786
93	186
543	786
400	125
402	787
409	610
7	787
373	420
737	598
853	102
285	212
671	788
420	788
919	788
430	529
435	854
442	473
473	263
336	149
613	244
450	126
637	588
644	789
119	490
575	440
177	155
38	89
113	790
692	460
124	790
125	599
363	495
901	369
651	601
754	791
215	962
384	791
293	920
545	44
9	741
795	87
189	560
566	75
24	949
932	472
259	26
662	793
269	0
275	613
288	523
297	149
375	793
59	794
14	72
895	114
77	706
125	254
81	821
198	125
26	478
644	10
484	634
490	146
613	493
926	494
507	312
115	572
116	796
903	754
122	946
124	80
125	796
142	207
151	797
615	405
413	239
161	134
162	237
169	97
170	797
579	798
588	798
369	591
818	600
370	226
376	313
189	613
175	510
234	246
607	799
139	153
374	799
928	799
287	383
506	699
513	317
932	152
517	147
417	96
524	124
535	15
472	196
473	709
474	801
208	475
480	801
484	801
613	409
508	458
608	511
360	519
39	517
235	522
179	524
528	802
948	803
305	803
735	315
267	316
967	803
407	318
325	803
807	397
398	804
146	410
406	297
419	286
622	804
439	804
285	190
185	232
188	907
206	805
84	684
234	805
150	707
107	419
79	806
87	654
88	709
90	806
343	85
131	806
398	598
78	177
678	81
814	807
977	807
89	807
632	121
472	726
728	17
737	467
738	894
493	923
24	947
541	624
211	18
215	809
469	38
58	239
244	2
245	809
413	144
35	133
762	719
562	302
748	203
637	241
45	810
69	924
472	811
361	811
474	22
477	609
600	811
187	490
240	889
107	812
25	400
489	457
460	23
469	26
472	812
473	350
434	813
448	813
435	151
459	927
23	462
219	113
207	813
344	244
777	349
148	356
433	489
370	814
860	995
25	119
222	278
654	815
395	815
665	224
933	815
687	815
613	150
985	134
664	816
462	316
469	816
472	816
473	816
474	816
315	307
669	929
79	817
84	817
89	817
92	817
178	564
353	93
633	18
654	188
447	95
270	665
797	671
38	1
346	819
25	819
123	371
377	819
385	819
400	819
460	402
493	124
497	820
63	794
517	50
518	200
811	795
524	2
493	179
501	821
794	570
591	821
516	330
517	63
126	821
338	991
136	888
139	822
379	236
154	993
179	251
181	790
551	490
552	823
578	823
586	618
192	228
605	823
215	692
121	824
145	90
174	824
126	824
127	824
33	204
584	373
226	825
998	825
276	825
478	281
366	473
972	420
305	825
715	826
722	534
309	871
725	826
640	720
730	826
906	696
174	14
470	47
1	466
473	827
142	474
475	401
754	79
561	828
566	314
583	316
288	828
325	828
613	828
590	481
125	228
439	681
21	829
142	619
87	186
6	72
790	930
475	603
828	830
612	286
215	26
745	50
581	637
516	638
256	829
830	831
0	831
627	178
776	831
131	22
544	23
329	995
336	457
340	959
68	131
844	47
356	832
357	832
382	833
625	999
96	397
398	833
403	833
585	124
435	89
747	834
6	749
212	753
127	834
272	834
391	748
496	766
113	227
458	835
460	162
816	132
467	835
255	835
303	0
87	161
305	96
113	972
121	836
179	124
787	836
126	836
794	708
798	23
808	152
809	837
810	837
589	837
468	837
480	689
157	838
678	126
681	227
52	838
163	102
292	684
113	472
473	839
474	737
475	839
476	839
477	465
478	224
405	783
306	840
314	130
319	840
874	330
337	840
346	1
179	420
91	437
292	439
908	841
138	883
197	841
829	910
734	842
144	842
383	479
187	747
740	842
197	741
742	842
371	906
566	521
572	471
589	843
613	893
573	843
641	270
237	346
316	217
323	844
326	844
333	356
6	187
718	417
999	845
672	402
311	418
446	679
448	153
453	845
15	845
553	467
560	467
817	456
566	846
663	593
61	847
603	126
423	363
364	847
377	925
384	847
401	301
874	777
644	847
228	799
385	459
978	848
75	323
356	108
185	517
133	110
866	230
632	311
607	441
322	849
56	816
341	145
420	344
40	492
159	59
120	850
29	850
496	486
502	512
110	391
615	325
617	444
620	648
626	195
668	851
317	851
851	635
161	378
271	852
174	852
176	5
530	52
337	185
187	852
758	317
761	782
202	787
864	777
823	467
691	826
118	853
34	854
493	901
106	554
505	854
839	854
975	721
612	519
344	585
173	452
255	588
98	855
560	242
816	874
804	855
383	879
445	856
591	139
226	856
418	8
37	628
71	93
551	149
80	857
473	348
356	567
181	244
125	857
619	446
140	178
716	858
372	858
692	189
196	51
202	803
205	286
390	965
770	859
776	932
780	549
785	413
179	788
803	431
388	560
140	926
394	203
399	860
951	400
414	860
446	860
728	16
438	309
586	861
251	456
920	461
887	861
122	459
768	862
771	862
47	989
125	961
821	314
833	22
844	113
162	863
983	422
687	863
692	863
191	709
560	259
719	863
736	526
566	57
738	15
595	864
740	99
364	769
85	742
801	249
803	148
332	949
727	865
809	967
611	720
817	496
930	289
621	293
790	866
305	866
944	928
715	866
340	5
721	23
44	0
729	725
731	867
322	867
21	196
739	692
446	911
429	657
457	124
460	868
472	718
589	337
474	868
472	60
473	113
664	474
495	475
480	869
486	869
126	533
388	870
247	316
212	258
8	261
101	572
113	870
951	870
751	22
453	871
26	457
458	871
472	361
912	473
122	644
178	121
179	105
181	237
189	872
569	190
193	83
430	205
681	873
406	461
634	687
693	873
538	160
737	315
168	38
643	681
701	174
664	874
709	665
503	870
410	25
829	380
162	113
132	969
359	165
403	304
729	48
180	317
935	116
776	23
76	23
708	876
858	438
859	649
48	876
866	876
394	520
567	633
707	114
271	225
595	575
662	367
101	306
387	773
775	633
344	776
488	783
112	202
790	23
728	801
42	653
511	178
832	25
289	879
181	681
206	549
211	148
62	880
88	67
449	880
970	578
668	659
428	656
644	99
453	973
457	881
405	111
458	30
472	881
473	881
300	881
793	56
895	882
353	378
615	631
23	882
59	128
573	655
526	883
651	883
680	883
681	399
124	682
685	38
689	44
823	179
264	26
829	262
374	884
614	840
844	22
84	846
588	885
601	19
609	534
610	885
358	112
614	885
792	885
806	886
662	384
249	663
352	665
670	784
469	161
452	886
854	845
858	225
47	860
866	448
240	749
80	887
875	887
0	613
605	981
421	343
19	888
822	256
23	888
81	888
394	420
249	889
874	57
877	991
0	889
1	330
8	36
1	375
158	757
841	890
28	887
214	406
419	890
163	643
873	891
420	687
206	435
443	891
446	646
249	453
609	438
572	409
301	868
595	665
609	57
689	613
570	629
553	74
608	673
757	417
656	682
683	893
685	18
111	993
689	893
842	591
181	894
184	894
188	894
189	894
808	232
249	192
703	420
820	711
715	128
721	340
404	895
729	895
484	620
909	896
809	62
817	283
828	896
586	896
856	130
425	471
632	80
523	296
995	801
806	897
808	963
809	402
816	897
47	898
340	218
57	898
66	898
75	898
79	406
414	81
728	899
373	758
729	899
205	378
387	899
85	899
966	396
167	900
152	189
932	113
246	900
863	189
315	900
200	450
473	901
764	347
314	901
315	901
796	316
822	901
378	50
30	902
133	215
385	232
388	37
390	902
394	416
544	399
809	124
426	365
167	152
484	964
532	903
840	401
81	354
815	799
687	397
688	904
794	542
238	904
128	131
708	35
121	54
55	611
127	905
131	905
132	905
140	905
143	9
4	609
70	843
517	737
338	521
259	524
527	189
535	473
775	907
776	907
777	4
782	333
790	65
801	907
431	809
687	275
244	0
8	908
144	50
54	908
944	908
398	11
445	909
448	488
873	436
458	909
264	215
460	909
892	467
0	30
14	910
808	534
193	22
579	23
24	910
25	910
108	672
598	66
113	911
114	911
120	8
122	381
124	911
602	205
631	912
743	609
613	357
235	82
936	627
630	871
275	344
276	87
282	11
287	774
534	7
298	256
315	466
682	643
891	25
223	914
655	845
880	914
963	663
668	914
758	276
899	526
907	915
507	193
216	4
114	15
18	44
433	972
198	626
302	472
215	896
227	20
381	579
234	63
219	917
940	225
227	68
229	108
232	124
641	917
26	244
971	918
448	918
453	918
460	57
207	361
865	65
631	129
438	448
89	919
95	55
303	421
87	727
100	772
72	729
97	189
13	328
773	702
271	535
86	286
89	743
235	824
414	204
24	344
421	921
550	196
436	458
786	530
890	25
664	705
666	922
677	922
865	767
512	379
683	922
89	448
188	808
496	923
123	848
160	627
216	25
217	514
169	923
3	739
470	31
18	139
40	924
810	87
865	51
81	924
398	925
399	513
402	925
414	154
859	925
943	434
811	884
420	926
260	424
992	926
432	926
433	539
860	84
441	2
569	927
196	681
682	659
685	927
692	22
511	112
703	886
736	286
306	27
861	784
933	310
315	516
317	309
319	88
446	161
447	929
455	929
269	457
458	817
286	704
470	929
888	507
357	893
98	545
628	434
50	899
900	302
915	11
305	931
315	88
732	317
183	841
211	282
756	931
284	95
741	67
74	932
75	685
87	932
89	180
91	573
93	800
124	933
57	681
126	933
132	566
137	14
138	827
139	367
122	418
211	698
721	934
116	0
725	738
727	934
733	3
681	11
281	975
646	703
837	935
424	935
727	935
839	67
851	936
845	936
770	22
859	936
503	912
176	485
896	183
395	886
525	232
545	533
540	937
544	937
941	937
11	547
898	179
553	22
915	421
918	938
921	938
922	147
930	938
212	939
216	673
515	653
45	939
234	939
236	636
873	47
823	289
826	654
953	351
839	203
178	840
783	377
846	940
124	897
137	285
830	941
476	154
886	941
965	941
169	488
357	315
607	942
266	722
213	784
732	942
736	769
737	488
442	277
354	189
357	186
365	943
639	384
111	390
391	943
0	944
2	345
4	151
5	551
95	944
336	78
22	745
298	570
616	491
201	718
9	479
286	448
795	945
644	244
179	891
612	625
798	613
638	178
599	946
651	946
654	578
173	947
188	777
89	189
760	190
116	947
197	947
212	947
17	292
961	702
233	959
692	244
970	245
259	948
26	196
23	641
516	949
587	518
654	761
655	949
656	185
349	145
720	124
22	460
23	678
24	950
25	950
26	276
27	740
399	57
350	267
69	5
667	415
535	418
427	200
430	951
365	952
24	173
90	790
720	952
101	952
424	103
114	952
283	225
548	23
441	485
448	940
117	98
646	474
552	638
249	954
295	231
843	799
267	954
399	269
292	954
297	954
112	955
264	113
594	86
124	41
125	955
25	882
599	955
866	524
531	956
235	540
550	956
563	152
965	95
565	22
454	260
450	957
232	957
835	927
238	957
242	20
645	394
312	641
315	22
147	225
345	958
346	958
357	32
367	958
184	959
643	408
907	309
291	402
921	179
246	959
948	56
859	215
357	960
375	520
754	372
377	386
637	622
390	148
0	961
10	25
15	961
17	232
19	961
145	22
23	961
426	962
778	49
147	436
453	450
832	36
359	465
467	378
891	126
893	914
539	898
899	963
897	335
901	963
193	963
493	346
494	295
60	27
58	265
457	273
498	278
650	820
486	42
632	319
859	493
494	965
505	956
310	241
480	196
305	170
44	966
316	766
317	782
994	472
319	400
320	122
457	967
461	397
467	613
469	967
144	315
472	967
66	865
778	437
438	968
448	968
550	571
457	968
458	968
244	467
458	969
472	269
474	969
244	567
57	995
484	969
6	709
898	970
142	663
695	931
469	948
964	84
968	970
275	206
111	971
121	971
883	122
124	971
39	134
707	971
311	440
836	905
911	457
468	972
545	932
933	972
495	934
935	825
737	973
763	956
59	973
302	351
741	14
742	931
881	743
898	974
899	908
907	974
259	974
717	623
921	974
925	622
566	517
916	975
691	589
603	975
607	975
2	975
180	613
609	875
911	495
912	143
469	915
113	918
650	461
922	976
215	87
218	127
226	977
227	977
244	911
646	269
531	387
235	804
596	808
480	859
817	59
821	731
845	978
852	642
610	236
244	979
167	979
259	979
698	979
264	317
263	355
24	980
922	277
199	980
654	0
932	83
219	980
960	352
706	981
661	981
730	30
737	215
738	133
818	739
291	371
737	472
953	493
414	391
243	265
741	982
742	277
743	26
898	107
730	905
907	353
524	911
232	460
916	281
4	919
863	514
603	984
591	984
687	35
875	223
137	888
893	333
196	0
681	344
685	985
692	207
693	428
703	457
715	985
18	11
708	18
21	986
818	22
23	986
217	986
25	986
267	638
268	987
625	67
102	23
289	458
205	914
475	987
936	491
493	189
503	0
507	124
107	831
513	988
705	988
133	989
108	22
752	439
815	989
513	273
171	989
739	989
80	409
351	468
71	84
93	990
460	953
250	594
119	990
554	991
561	991
246	130
299	546
323	991
581	544
603	147
457	196
461	655
472	17
226	757
480	724
800	486
493	264
184	872
185	993
180	176
208	158
226	993
237	613
238	97
911	744
385	94
921	994
922	95
923	674
101	994
17	930
126	493
941	498
34	505
175	641
814	529
533	266
534	201
966	996
35	996
460	996
461	996
462	996
846	147
470	384
300	568
304	441
881	308
309	416
764	158
54	997
318	28
236	103
215	998
536	204
224	998
937	136
236	998
444	116
269	602
391	999
57	682
683	650
684	399
472	856
618	301
