286	9
691	793
370	0
264	1
602	175
202	486
124	597
127	124
170	508
248	765
28	875
609	373
428	2
94	334
398	629
822	93
3	965
4	5
4	964
252	4
4	126
4	834
487	5
5	7
501	780
835	5
136	92
89	488
603	486
6	667
308	8
8	130
107	229
175	202
289	448
10	14
934	840
1	472
2	408
73	491
898	147
448	627
327	726
11	17
657	155
384	0
685	1
48	2
3	101
4	510
646	507
0	17
1	17
518	169
186	214
455	4
59	664
315	354
17	18
0	18
1	613
2	785
700	465
4	18
535	942
59	19
89	2
473	3
771	738
316	273
6	23
420	1
658	307
4	20
5	354
11	20
282	691
170	18
69	262
248	20
180	0
1	11
980	754
3	755
4	450
8	22
10	423
938	11
17	396
698	18
0	22
1	22
17	124
18	634
113	19
251	294
403	23
92	1
2	23
699	885
22	921
706	933
769	318
913	818
523	24
186	905
753	11
65	656
529	19
626	25
23	25
24	561
515	23
494	26
126	153
22	915
420	264
24	288
423	25
0	26
21	27
22	27
23	46
24	750
25	27
26	139
536	130
167	17
22	79
413	771
869	28
243	25
678	28
27	890
180	11
14	156
17	495
111	18
315	344
653	540
24	29
935	946
907	30
923	304
636	479
26	761
27	30
997	622
26	96
445	27
67	306
206	1
202	102
181	50
16	539
0	275
582	827
158	740
9	32
263	451
958	38
811	150
7	33
11	551
17	431
277	107
23	33
24	138
334	118
119	832
1	34
170	578
18	34
183	34
148	34
387	24
20	35
657	721
890	23
571	35
336	25
26	35
990	27
15	130
654	606
318	962
23	36
477	819
25	93
26	905
112	856
741	805
411	37
74	242
25	37
669	121
27	37
0	679
508	38
11	38
937	20
836	248
0	38
24	339
33	450
75	39
38	39
0	21
1	39
4	59
5	6
265	33
814	729
35	89
189	685
193	20
101	550
474	367
962	207
743	237
599	576
197	626
812	41
24	41
120	280
23	540
33	42
5	453
345	527
524	1
553	50
17	469
38	167
0	43
1	461
2	43
721	77
584	43
23	43
17	44
809	44
50	188
516	21
639	22
19	146
24	826
682	617
902	324
832	45
25	45
161	206
27	45
28	624
18	89
22	494
23	295
504	46
502	25
92	26
616	80
624	280
332	597
22	47
230	725
977	172
827	260
26	809
18	679
989	48
23	130
98	977
851	25
731	267
27	824
6	49
407	49
800	275
17	49
322	22
242	396
28	962
44	50
0	50
390	11
16	237
591	329
145	77
22	50
26	50
1	79
109	4
18	377
22	51
145	216
519	472
396	938
98	195
266	50
0	65
0	87
4	693
489	472
611	165
1	89
5	591
989	2
916	53
22	53
23	53
0	54
290	411
356	390
23	54
857	24
614	54
26	397
155	124
448	186
866	39
50	356
951	459
218	1
570	383
38	56
703	44
47	56
0	16
932	148
633	790
525	84
18	57
22	634
356	57
24	125
962	923
26	57
338	435
79	450
22	493
583	23
597	24
750	115
26	58
178	490
722	44
53	354
56	59
0	59
18	59
22	161
23	59
44	609
471	117
4	218
20	487
269	22
23	243
258	24
22	381
495	191
24	61
598	61
26	493
404	492
28	61
627	62
23	927
24	62
25	62
26	113
588	320
351	28
531	125
59	63
259	0
1	416
458	63
22	650
23	202
515	62
22	86
212	700
24	644
25	64
26	420
27	473
248	59
314	563
983	579
446	5
7	75
11	918
565	12
113	39
635	375
50	164
101	66
60	21
64	122
725	0
859	50
491	67
385	896
0	981
910	728
276	618
782	180
736	8
20	30
908	34
917	40
41	0
44	626
54	747
737	38
167	18
45	69
48	21
439	69
978	572
491	63
109	271
18	866
121	954
146	22
284	600
24	98
412	70
5	71
268	821
22	71
878	23
306	24
217	71
467	26
208	72
47	114
784	72
282	5
42	11
943	72
23	72
788	0
358	8
158	962
68	290
23	638
112	24
25	73
47	673
50	74
53	74
57	74
898	97
17	74
18	74
22	75
792	564
199	24
25	14
201	26
27	184
950	709
35	469
557	70
50	850
514	394
73	60
68	329
225	1
186	435
74	35
75	124
0	77
3	77
647	137
17	685
57	179
878	78
64	195
345	75
993	76
723	763
66	601
461	38
312	79
292	992
621	451
446	79
182	561
71	79
50	578
165	80
21	600
1	874
897	14
559	287
23	676
617	865
79	81
0	81
96	1
11	81
22	469
23	81
592	15
735	471
23	42
24	183
25	364
705	781
27	82
44	517
50	11
918	39
5	83
77	83
2	83
619	391
39	84
51	84
596	84
57	808
54	622
59	84
63	84
760	130
23	392
24	165
661	85
730	26
828	85
28	85
22	420
23	440
24	430
566	685
361	371
972	992
148	472
22	87
56	87
223	87
25	99
26	87
139	525
64	28
277	882
23	181
24	88
25	88
26	206
27	670
757	88
42	136
44	89
648	40
28	922
53	77
859	57
297	589
508	139
241	6
11	712
22	90
964	229
655	24
25	90
508	180
89	91
289	345
11	305
15	584
540	22
487	193
74	40
75	189
0	185
38	416
462	92
22	92
23	92
244	89
133	867
22	333
23	149
613	333
238	93
26	356
994	498
75	399
79	94
675	535
141	872
0	2
2	214
151	858
206	57
96	229
255	63
467	0
295	90
3	95
430	611
913	140
674	3
359	433
75	995
22	716
405	268
20	126
22	97
23	97
24	16
506	25
26	124
861	27
332	796
742	98
58	98
59	329
63	53
542	179
81	554
129	830
84	336
89	164
479	315
701	99
772	109
127	99
200	102
803	139
89	467
90	301
92	324
666	224
452	100
336	127
497	96
431	0
802	967
11	527
17	525
278	148
68	102
773	51
83	102
448	87
137	840
781	52
93	102
87	103
149	251
93	663
111	747
270	896
1	227
490	2
861	10
11	449
645	15
429	148
289	74
259	22
533	23
97	613
0	310
139	68
347	473
118	681
770	23
718	105
66	106
320	54
101	106
886	371
1	134
653	2
135	741
987	389
941	22
606	237
24	107
25	140
830	107
352	391
57	264
59	108
64	108
68	108
227	892
96	108
102	192
48	867
1	599
528	699
7	759
25	16
743	17
258	246
20	641
22	137
23	653
24	850
25	6
472	110
230	27
23	111
436	563
40	869
108	438
769	111
102	521
568	98
109	112
8	112
11	901
517	591
189	739
686	875
23	420
17	323
18	274
295	214
22	113
534	237
325	24
25	272
22	114
23	114
24	987
25	114
26	915
622	27
28	203
554	593
169	33
36	25
738	733
659	115
214	584
473	115
237	930
676	116
229	84
491	94
67	27
387	419
667	99
95	117
222	117
218	71
113	724
621	117
104	903
62	188
82	303
114	74
76	118
739	77
408	118
928	719
113	188
349	289
69	0
539	642
204	156
411	25
825	300
5	119
61	120
88	62
457	17
96	162
104	120
756	112
357	0
226	24
832	27
622	31
37	121
38	317
43	121
939	121
474	72
365	122
63	232
128	514
759	558
315	26
76	455
604	467
36	212
585	123
820	123
157	123
892	819
883	984
859	87
88	511
907	598
292	939
502	605
113	124
119	422
113	106
305	844
0	186
642	149
2	818
2	4
20	142
107	126
473	537
572	126
0	336
746	494
39	51
17	970
266	81
583	983
732	113
1	127
92	888
801	751
22	349
68	114
735	115
124	225
125	884
126	128
427	127
0	128
20	834
796	22
549	23
24	951
25	67
570	710
700	756
124	185
125	339
126	192
12	40
146	882
513	17
502	27
0	724
889	131
860	131
148	6
11	970
490	311
967	17
487	132
232	370
198	666
2	163
4	132
852	804
289	431
18	891
22	74
23	852
363	504
447	226
22	26
27	135
209	668
382	131
38	134
526	711
50	124
51	602
59	619
34	135
301	121
124	460
1	129
0	135
6	135
81	464
11	136
17	136
22	67
23	136
24	221
310	25
26	377
627	137
17	372
22	162
23	137
24	317
25	365
915	566
63	471
38	127
76	515
49	46
152	457
118	464
751	119
112	348
113	105
114	139
124	395
215	139
985	139
718	594
255	105
115	106
113	140
108	142
119	230
869	392
7	125
262	34
121	231
259	737
50	472
173	141
52	273
57	141
50	84
93	142
23	449
101	113
712	142
317	142
529	212
304	118
121	747
109	143
129	143
71	126
0	435
686	811
108	89
477	415
96	634
228	881
131	521
492	144
227	178
59	50
202	136
87	20
979	402
35	145
108	909
124	264
50	75
72	48
75	866
78	319
82	146
353	662
706	146
268	14
18	513
22	15
23	147
384	147
25	74
991	94
101	125
127	81
134	148
215	148
0	148
1	148
479	820
31	149
33	304
36	14
211	1
44	149
765	47
789	50
677	94
102	150
106	419
439	111
114	3
315	124
125	315
63	97
738	54
401	114
569	41
124	151
652	151
139	151
177	320
87	152
89	330
171	523
579	155
696	109
356	152
35	396
39	153
103	412
44	317
50	460
508	57
68	153
281	154
16	154
22	181
23	154
24	894
25	957
26	154
118	19
209	726
15	125
127	155
81	132
636	142
553	237
6	156
269	469
20	730
975	90
739	23
423	24
25	156
720	415
566	0
953	157
153	59
220	655
316	23
24	55
99	391
296	113
124	681
551	17
139	520
677	572
141	158
456	159
229	159
96	357
651	283
608	48
50	654
832	334
731	72
84	475
913	160
89	923
90	160
311	122
738	113
141	161
390	161
146	45
337	161
148	113
149	450
82	161
923	73
84	497
876	20
255	699
537	173
752	682
725	675
675	3
137	156
584	235
23	163
635	24
229	175
837	26
551	164
149	300
152	681
438	164
578	803
289	75
22	164
48	265
134	373
138	165
148	75
151	662
152	513
331	124
113	166
114	166
124	82
137	48
630	166
147	166
148	222
125	459
87	167
22	98
174	99
104	167
285	661
124	167
136	238
145	168
148	168
699	168
194	168
467	161
740	129
206	689
0	169
8	125
400	233
432	169
2	292
22	256
108	100
737	26
738	112
113	7
124	170
462	102
846	170
488	134
537	625
679	578
148	171
151	142
829	153
466	171
60	357
74	513
389	172
89	553
893	722
833	699
693	248
880	773
57	473
59	905
929	994
314	324
43	62
552	864
350	17
170	87
36	174
96	164
995	904
111	780
77	993
189	185
4	175
0	911
11	175
22	46
897	25
821	993
108	20
112	270
518	176
132	176
125	980
507	176
139	671
833	155
99	177
21	82
605	878
118	316
124	177
125	66
160	178
56	166
169	453
94	178
175	237
0	124
2	118
44	179
208	850
628	736
50	179
51	179
52	179
57	716
44	733
46	180
979	893
334	352
947	358
72	111
74	180
727	243
124	181
125	618
501	127
137	181
142	181
148	181
143	182
697	119
993	149
963	151
956	182
932	26
277	417
169	102
6	183
366	117
147	554
148	22
73	183
414	638
17	75
78	184
481	27
218	184
381	125
802	126
136	494
839	628
179	185
368	621
5	802
22	185
23	252
24	312
50	3
906	651
39	186
63	77
307	90
78	27
81	186
194	187
736	182
20	297
775	858
15	760
22	187
618	656
152	188
161	188
163	188
166	567
545	188
179	188
181	188
69	135
902	23
87	189
474	384
98	189
186	108
113	189
151	438
488	38
386	407
110	190
106	190
805	9
22	190
166	619
167	39
22	170
179	333
628	15
632	417
35	189
862	226
118	871
74	375
901	93
155	36
159	192
645	625
179	911
181	564
188	189
906	125
750	124
91	929
446	683
36	381
59	152
44	566
777	843
199	503
74	467
213	194
851	148
50	152
854	156
38	161
179	195
970	167
179	345
26	948
761	196
260	372
127	149
132	128
623	466
162	196
191	197
900	171
951	561
59	22
704	60
77	494
81	102
22	84
953	198
24	113
58	660
26	198
186	331
28	198
469	480
109	199
37	552
657	124
805	125
126	926
133	774
125	574
464	910
53	200
969	329
71	200
72	168
586	306
824	409
523	201
106	201
969	108
331	3
880	113
246	430
481	638
63	83
87	716
96	202
797	53
675	101
157	880
860	128
146	887
514	131
114	646
163	152
324	707
935	203
921	524
194	204
520	331
198	648
202	81
941	475
681	0
545	0
232	1
7	205
11	493
552	141
698	977
530	389
83	891
89	227
101	32
164	227
113	457
124	206
125	499
726	207
985	377
93	0
98	371
778	625
902	77
106	631
588	115
205	3
0	801
11	74
838	313
23	208
24	546
17	134
22	20
23	535
24	209
852	209
26	181
586	27
40	675
271	106
26	89
137	204
318	210
472	142
733	278
819	0
25	829
7	664
12	569
14	94
22	761
23	211
81	142
645	870
434	183
57	87
925	659
92	398
793	289
30	342
289	215
950	213
585	521
93	79
56	193
59	213
328	875
11	770
148	214
151	378
77	214
155	174
777	321
196	215
77	496
796	104
560	215
293	796
842	22
742	171
73	69
506	936
393	77
810	400
388	129
584	99
642	113
363	25
359	114
844	527
84	757
53	150
500	152
159	248
193	218
125	572
149	218
879	117
173	152
259	851
166	218
23	124
172	219
179	808
180	958
723	573
91	618
79	23
131	693
683	136
816	139
922	471
976	576
215	467
908	113
78	465
867	221
332	36
48	23
275	337
467	514
82	221
527	50
55	580
826	4
75	222
703	357
401	297
143	25
315	291
82	832
437	576
486	102
107	223
242	108
123	28
658	208
218	510
642	739
1	269
644	594
713	291
18	346
162	87
94	225
935	117
26	97
994	26
556	498
128	225
191	124
125	226
139	225
148	613
954	192
113	566
140	441
873	836
146	779
710	117
764	388
353	227
319	103
134	227
955	228
308	228
887	558
260	688
916	251
546	228
191	67
446	229
79	229
382	229
783	131
89	22
113	712
124	229
179	893
605	230
282	47
202	849
571	263
198	499
15	230
250	522
168	231
398	150
272	264
334	132
265	270
140	92
136	246
945	125
738	141
142	232
148	232
155	232
240	140
44	233
185	24
308	316
346	620
183	784
207	677
668	233
50	390
171	234
27	173
115	234
681	179
181	234
916	185
0	179
2	235
6	235
591	937
16	575
667	241
124	837
148	30
883	236
521	765
48	384
50	370
233	206
925	404
475	506
733	135
148	237
527	237
894	700
979	189
161	237
206	269
211	753
215	25
56	446
548	473
545	227
868	192
162	57
319	239
534	181
182	239
230	239
189	344
440	113
168	240
174	380
40	3
348	205
179	114
907	181
243	240
94	410
878	88
161	416
162	44
163	255
884	386
16	595
133	960
858	242
148	275
486	427
534	162
153	242
177	600
588	540
717	172
17	337
694	425
244	472
124	370
134	558
153	142
135	952
406	800
17	244
26	151
162	244
789	370
227	245
906	610
237	525
62	240
113	242
749	243
170	245
492	51
534	462
560	124
726	230
684	79
84	218
293	91
22	636
867	247
24	410
25	256
380	579
27	247
442	499
124	248
126	591
370	915
211	166
893	148
456	245
355	714
548	24
215	134
218	249
247	221
227	436
246	143
338	716
148	139
714	652
154	250
163	250
355	164
166	250
397	770
131	520
226	135
532	815
153	427
161	399
163	169
785	177
59	316
367	142
62	252
815	102
543	466
113	74
356	244
397	64
71	23
383	253
74	1
82	253
85	253
569	253
35	17
17	254
44	87
47	591
31	818
152	57
0	149
628	827
241	247
178	518
251	255
297	5
11	89
568	496
570	677
124	180
835	192
114	18
164	378
913	539
166	47
153	132
144	120
148	737
151	345
232	152
934	6
160	490
559	24
486	97
362	782
125	419
391	126
961	677
133	36
148	259
376	530
151	161
163	647
62	684
336	63
179	259
672	497
868	63
64	125
75	180
89	124
68	524
104	260
961	308
97	149
210	473
128	211
960	261
380	261
287	128
108	309
848	976
329	438
124	1
224	262
662	329
127	5
22	206
221	359
130	24
768	580
321	263
942	80
28	32
17	68
124	71
75	264
436	77
108	314
868	282
89	264
295	233
241	61
321	246
452	110
24	262
658	265
950	482
995	17
22	373
937	266
67	433
978	25
34	756
239	957
775	75
954	267
92	509
59	93
705	100
81	340
494	267
188	514
189	11
193	147
194	268
62	268
592	197
902	268
409	440
716	724
45	432
50	244
56	679
564	337
869	674
36	270
774	418
42	267
21	270
176	50
401	59
72	270
127	643
951	138
131	147
690	983
341	256
157	337
189	564
113	458
734	130
236	272
239	605
403	240
244	394
134	3
206	273
989	208
214	5
215	273
538	25
65	273
964	401
5	973
995	274
11	274
56	274
17	606
948	274
27	259
22	32
283	71
215	275
334	23
359	261
516	25
26	275
181	276
185	276
420	276
513	390
194	276
196	276
823	276
514	448
216	581
313	22
115	73
457	979
402	333
180	237
124	909
5	47
16	278
542	781
22	278
23	651
275	367
249	43
845	281
155	133
827	229
685	534
361	279
179	238
415	690
376	468
597	552
244	179
560	92
233	182
62	111
108	472
0	484
195	360
460	148
42	122
150	501
153	281
801	180
834	282
9	570
261	206
214	282
237	22
14	76
97	283
505	459
114	338
259	267
434	119
124	283
125	457
560	719
86	82
254	710
26	148
151	442
158	284
179	455
148	18
274	142
289	276
941	582
588	281
0	5
1	179
148	145
152	889
438	0
275	915
159	286
947	143
812	773
26	128
27	395
37	239
792	502
104	452
50	362
871	68
912	212
779	633
877	288
106	381
149	132
57	330
987	64
235	99
239	119
242	180
244	689
245	11
269	289
16	270
696	255
258	73
931	661
265	290
368	113
425	286
0	23
17	97
22	291
456	124
728	24
97	25
26	316
660	981
63	7
309	329
446	18
353	508
500	149
105	949
377	108
865	293
510	149
266	483
318	875
828	293
153	382
541	838
648	294
215	353
232	493
236	526
874	244
256	472
504	294
87	17
483	131
818	295
5	408
121	295
834	124
476	24
321	296
106	158
124	512
483	128
808	703
300	296
674	827
766	297
363	236
490	252
259	297
319	260
556	699
275	162
266	401
269	330
273	981
660	542
4	406
798	340
990	517
620	889
559	125
907	329
725	924
60	299
231	208
149	223
113	467
210	117
412	760
557	300
132	131
453	329
418	686
986	133
23	841
24	301
191	25
448	170
100	27
299	848
931	23
279	70
242	578
701	824
259	898
262	241
264	302
0	508
4	317
7	71
10	303
14	232
386	167
23	822
109	877
102	436
522	304
263	862
653	304
125	9
715	126
20	305
22	305
23	494
24	109
25	701
26	328
495	600
607	421
275	306
343	418
141	306
926	160
206	514
671	154
63	307
69	666
926	72
1	75
971	740
506	645
31	76
226	794
231	252
807	308
718	308
250	403
250	406
615	957
316	42
564	179
326	56
367	309
215	309
166	76
231	933
326	134
146	310
147	446
980	310
152	904
194	90
275	89
145	509
652	900
152	312
153	291
161	431
164	139
215	169
600	137
531	465
248	312
276	527
456	312
628	428
301	312
114	458
865	124
875	313
49	313
860	50
776	179
816	59
97	314
99	441
151	488
124	25
125	279
134	354
657	67
217	405
206	315
208	729
211	458
150	231
242	315
56	315
113	51
87	553
393	125
581	189
137	134
166	139
140	316
366	275
853	316
0	457
1	317
11	317
800	794
23	121
111	90
509	318
124	38
125	318
446	126
229	127
129	381
803	338
693	133
353	264
268	114
931	319
260	287
380	233
840	320
134	245
250	320
259	333
649	464
81	92
472	275
268	265
697	215
222	321
412	815
223	719
395	87
509	2
37	15
39	322
42	322
50	514
92	647
428	422
510	71
305	323
367	274
848	291
177	251
317	323
0	323
23	292
43	324
211	803
221	324
222	339
232	315
451	219
202	324
909	325
241	433
756	325
870	325
204	270
49	606
276	162
249	619
82	212
259	370
17	237
269	370
276	215
283	326
215	527
641	427
206	330
175	215
699	587
197	23
244	469
305	876
481	956
315	328
848	328
272	105
675	704
988	105
193	329
492	198
186	329
444	64
262	779
223	920
53	127
260	579
152	215
322	218
431	44
812	158
244	330
435	889
942	165
132	331
1	0
357	394
16	82
402	17
198	22
983	573
603	47
304	464
583	622
252	150
252	341
683	332
568	174
315	333
519	316
0	333
1	529
11	333
538	16
168	441
179	599
185	181
996	925
859	188
513	402
609	206
73	121
881	335
38	553
610	335
445	463
900	366
246	335
448	375
176	456
179	930
344	517
185	289
596	166
619	29
315	337
750	423
317	128
318	337
734	55
330	823
0	514
23	447
548	463
630	338
465	88
211	338
242	259
60	807
75	679
130	813
479	779
77	133
95	543
135	339
147	96
222	814
152	244
54	16
162	467
357	258
173	388
176	340
66	341
79	791
82	341
10	980
84	153
992	92
97	940
166	342
167	11
170	342
606	1
188	22
192	342
80	473
89	420
81	53
82	343
84	249
829	90
888	53
98	459
22	344
473	318
294	726
25	878
26	344
635	27
289	180
105	562
944	69
79	533
690	670
18	345
73	78
28	107
113	346
167	346
120	284
124	346
964	126
369	131
394	133
900	355
575	133
237	911
562	220
761	517
84	901
0	347
59	871
68	71
88	221
3	348
111	494
281	348
857	124
35	349
109	430
427	630
47	375
50	148
68	59
823	75
315	113
252	350
125	350
435	11
275	22
147	401
212	812
511	422
120	351
429	313
125	351
127	684
139	973
185	237
315	75
176	251
317	712
531	233
377	323
69	334
188	564
258	284
263	103
479	742
303	25
305	353
612	22
828	199
68	940
461	74
78	262
482	434
438	613
105	29
108	354
217	983
590	355
193	71
850	763
151	323
251	76
515	536
206	356
209	88
218	436
232	356
236	356
461	237
248	113
524	357
113	357
287	443
124	357
230	21
384	864
767	762
237	269
240	475
631	246
536	148
472	259
15	358
856	358
179	833
487	826
356	188
125	347
190	976
22	179
574	195
62	721
68	484
66	360
74	134
402	75
76	360
673	146
852	600
68	251
935	298
370	74
46	144
449	361
931	86
261	72
75	362
148	124
87	687
89	362
90	121
5	362
299	9
466	135
640	140
179	968
554	497
350	363
333	141
262	364
934	265
82	267
641	221
244	185
177	262
716	342
688	393
475	216
330	863
698	333
326	630
337	232
195	365
148	517
150	540
152	211
181	315
861	366
982	456
193	282
835	214
908	755
323	876
136	118
336	849
124	333
303	341
349	220
248	28
280	519
923	510
556	200
229	919
244	22
30	369
809	377
39	89
44	524
54	798
191	605
444	369
259	18
293	454
560	370
305	370
309	345
893	97
18	1
724	213
414	897
227	180
125	239
244	915
918	289
188	264
63	450
24	541
90	187
666	848
522	767
124	372
566	196
289	373
453	485
248	964
304	787
305	373
161	373
315	148
0	20
9	298
17	374
20	765
845	22
786	23
24	233
181	476
188	269
336	189
196	114
163	200
206	148
215	22
43	376
283	251
132	218
368	100
315	676
257	376
432	37
474	139
142	1
844	797
245	551
56	369
51	558
260	339
186	729
113	259
72	341
829	440
193	984
137	752
148	319
24	737
26	379
20	83
42	438
47	225
457	379
922	64
615	80
303	380
469	219
83	289
442	978
50	113
27	380
946	742
337	22
741	581
133	971
346	547
357	184
911	698
7	124
768	203
163	680
166	93
176	83
220	617
180	382
179	148
180	232
182	738
642	137
949	383
528	118
390	692
210	295
301	515
231	307
162	309
109	726
387	952
126	384
180	142
361	385
353	846
624	385
157	946
367	211
216	916
960	818
378	44
113	0
317	500
124	386
792	109
134	981
733	387
99	14
379	392
822	131
944	332
795	472
495	243
66	308
727	388
27	251
127	79
208	216
418	388
21	478
264	17
682	479
377	17
807	344
596	128
0	389
205	946
240	340
124	968
651	140
276	330
111	295
11	35
818	316
738	877
585	762
595	772
333	189
491	358
250	739
344	50
517	0
99	392
645	228
370	26
604	546
666	392
360	392
85	393
57	323
315	507
127	567
424	85
934	393
89	87
242	926
330	181
333	761
643	1
76	342
44	394
346	394
418	664
62	937
75	513
287	697
28	395
112	230
89	74
177	601
710	257
142	124
180	396
245	75
188	396
724	196
525	167
201	100
685	326
524	758
337	4
54	303
345	397
196	113
593	218
225	74
42	118
232	398
561	236
898	509
663	390
394	461
0	152
863	1
678	92
8	88
11	142
276	11
676	166
167	75
491	885
131	596
915	179
181	215
344	480
273	356
830	890
982	401
390	245
44	151
277	326
906	329
514	330
50	692
337	527
390	402
344	737
357	514
116	259
224	933
62	403
426	677
74	0
83	403
90	403
820	702
276	609
630	132
22	301
304	904
309	497
552	640
836	315
316	405
785	241
328	372
971	405
320	405
695	24
134	274
264	685
266	964
162	269
659	302
151	406
855	820
87	809
20	984
22	407
23	407
449	407
688	148
878	19
778	216
539	19
802	905
798	408
422	15
681	408
557	888
162	390
163	992
703	164
179	809
801	59
76	139
182	409
1	679
4	373
913	251
414	410
813	561
960	23
686	899
42	150
152	18
460	161
301	71
179	166
472	0
403	265
774	717
232	259
219	223
740	235
344	259
260	412
264	396
668	413
56	809
69	306
91	27
82	140
644	413
282	83
312	414
0	315
316	152
578	671
382	336
232	457
344	898
157	113
119	415
41	122
97	340
511	505
153	401
699	136
42	561
997	231
341	727
345	416
346	416
68	354
461	416
319	141
294	417
269	893
183	271
79	350
287	417
844	170
232	57
322	980
996	771
857	856
986	934
21	208
27	542
882	409
393	419
399	89
96	806
581	99
254	419
240	448
251	849
532	288
702	257
674	101
44	802
396	420
244	113
480	87
44	938
659	70
57	416
463	125
126	528
456	127
179	422
450	192
199	422
211	96
213	910
253	86
232	560
422	792
2	845
444	437
19	109
254	423
191	583
22	433
410	784
390	424
394	716
95	424
274	93
467	227
404	499
43	829
48	289
481	746
53	124
55	425
864	795
10	254
136	798
445	426
147	267
148	576
277	621
152	703
98	570
430	143
23	427
773	940
25	261
26	449
27	416
780	787
475	920
897	145
316	69
124	317
488	416
325	428
985	180
420	330
382	126
694	623
695	345
357	244
362	448
750	365
650	976
470	780
472	331
148	633
151	134
124	496
411	440
47	323
638	50
689	56
57	431
75	431
975	76
244	180
703	390
59	178
142	420
1	151
474	18
22	631
23	131
744	26
511	325
408	266
608	433
158	541
292	515
312	643
113	994
124	898
490	592
127	406
132	159
739	133
213	88
177	250
175	587
75	921
514	163
185	26
186	698
196	152
235	127
56	500
139	436
164	142
148	436
149	826
152	469
184	437
457	275
861	2
301	206
425	962
309	128
315	753
364	88
457	368
369	153
487	113
190	717
186	438
384	354
902	150
811	236
490	439
340	297
248	147
250	439
127	439
77	281
660	285
315	356
431	722
855	91
446	353
340	118
173	258
210	636
262	441
849	102
814	548
289	161
334	290
188	527
696	442
191	27
196	275
367	206
211	442
215	344
327	443
333	244
470	23
419	443
353	563
356	443
129	443
333	232
81	118
710	559
342	71
876	353
40	444
476	23
203	445
212	335
733	445
434	698
295	4
678	494
259	50
759	150
346	713
956	348
350	841
68	446
367	1
344	528
425	447
899	447
51	447
145	16
150	121
156	310
162	0
626	24
252	874
800	268
270	192
376	272
352	168
754	988
317	161
76	164
14	155
516	924
178	670
179	446
730	964
474	446
731	255
26	167
1	699
251	7
175	372
3	387
0	57
23	5
801	383
862	451
407	226
415	24
136	451
420	11
764	452
855	443
573	279
5	747
795	452
218	23
229	453
304	142
849	453
333	148
150	665
151	35
152	93
647	454
990	957
179	17
545	370
192	454
196	776
953	454
893	244
93	455
249	455
486	455
133	455
179	403
275	132
108	315
114	238
152	124
306	143
147	497
676	349
151	606
179	457
180	457
185	457
606	186
188	457
189	457
72	410
28	987
142	797
142	18
462	148
562	149
332	371
995	712
435	459
438	662
144	459
343	710
852	459
81	83
473	8
386	473
394	75
397	460
402	758
489	135
431	460
436	93
22	149
431	370
226	104
485	455
457	187
458	672
148	114
162	493
425	171
178	462
127	462
180	1
641	185
26	24
5	2
680	143
911	189
556	315
17	480
320	463
23	269
167	401
170	39
179	394
26	200
187	168
584	183
946	287
83	312
635	465
84	5
196	189
406	192
215	517
230	604
154	54
14	252
277	661
421	466
913	514
122	123
389	697
206	467
327	223
259	74
649	925
181	467
100	233
237	467
940	468
692	181
337	124
473	165
862	468
315	468
191	343
74	469
414	281
93	672
125	469
113	469
119	228
71	487
149	470
151	461
437	495
764	157
159	136
25	160
161	564
138	680
400	23
24	896
25	695
26	560
695	27
28	471
143	24
148	898
143	999
150	92
278	962
152	472
161	35
541	195
367	969
248	163
251	316
259	323
660	260
302	299
528	200
225	907
218	490
214	474
78	216
574	138
264	232
885	256
651	439
264	309
912	234
258	228
142	375
522	155
166	79
429	444
575	295
98	941
493	59
903	476
633	476
306	477
324	217
324	477
330	87
333	390
339	755
895	616
436	478
491	478
460	87
185	472
495	478
474	619
475	478
761	315
842	49
154	111
391	924
6	204
305	375
416	633
189	480
206	480
209	57
427	726
225	520
623	284
24	222
168	23
323	551
345	722
145	224
275	356
998	14
378	245
440	25
223	55
877	482
401	382
232	181
552	482
242	844
469	513
472	345
108	483
474	483
160	341
476	568
0	483
708	711
602	71
281	99
73	782
803	484
656	0
89	609
953	700
463	410
5	485
8	445
714	677
161	461
22	485
517	859
5	312
850	73
333	113
338	620
44	124
125	3
411	359
474	249
914	417
177	60
458	96
771	27
0	460
169	63
161	73
181	567
856	942
909	25
671	326
146	243
474	153
975	5
130	610
477	489
189	489
965	610
647	629
63	654
206	74
180	378
753	490
206	181
97	487
123	666
22	431
326	436
604	471
531	109
443	712
23	281
457	681
86	492
472	627
777	881
318	492
105	519
613	564
46	105
375	493
943	549
738	864
402	918
405	829
507	406
109	473
140	494
148	494
292	494
150	494
151	87
757	112
161	732
89	620
94	495
916	102
482	655
791	340
125	112
645	473
682	496
39	331
89	772
98	64
108	446
12	842
23	496
38	497
166	497
315	177
435	497
209	472
76	133
863	185
912	318
590	23
892	189
118	993
529	475
477	73
485	498
274	211
58	550
624	776
127	97
166	50
33	499
450	231
11	159
124	500
128	500
131	500
515	217
140	500
88	143
472	394
281	441
474	30
578	501
486	653
491	16
265	524
518	30
142	334
225	500
380	290
0	713
240	354
894	502
196	874
197	25
710	0
215	866
222	503
702	103
752	618
726	75
95	504
104	504
512	113
4	124
125	504
760	504
416	316
417	477
285	308
899	287
763	429
639	438
272	505
367	89
370	113
779	34
390	38
140	930
19	506
681	898
491	243
294	493
494	507
2	507
9	84
17	488
53	267
367	508
544	408
0	527
852	508
382	4
384	84
394	1
398	295
305	805
306	165
251	83
320	509
322	785
331	514
71	30
384	510
630	394
396	89
401	510
752	78
406	322
79	937
239	644
945	451
311	125
248	826
555	530
611	385
977	512
812	308
955	512
298	512
24	428
437	682
183	438
108	513
110	481
113	179
835	114
609	513
128	108
140	23
87	514
122	209
426	624
113	514
124	514
125	203
513	970
154	515
140	217
719	64
384	166
181	0
187	515
189	275
416	438
419	535
426	927
300	843
435	147
436	448
813	443
247	99
248	776
259	517
975	549
22	274
276	517
257	190
55	604
159	518
59	131
164	518
107	166
167	663
175	114
9	336
22	654
23	556
228	24
316	960
564	26
27	19
2	283
73	830
83	643
928	301
448	520
329	520
342	450
185	521
646	521
297	97
275	50
737	276
159	521
874	662
13	762
540	462
336	5
50	357
146	178
346	74
342	356
344	501
386	523
793	237
735	493
244	276
833	252
266	193
415	616
269	524
420	524
285	562
628	694
701	216
457	524
722	525
457	148
641	251
464	23
347	42
670	45
581	25
574	425
101	526
109	526
917	374
643	2
467	530
22	591
309	508
311	315
921	315
258	592
737	152
166	792
330	527
131	5
981	95
714	965
880	528
71	528
148	474
905	797
124	545
284	899
473	529
389	333
463	998
544	540
713	976
928	379
921	269
220	530
919	22
777	179
241	121
255	149
86	531
430	531
812	688
436	47
158	998
440	740
307	27
443	900
78	644
280	532
572	220
576	532
113	829
125	532
11	227
93	128
971	800
148	187
151	180
153	533
765	533
658	579
517	152
520	68
337	534
527	534
207	279
571	1
593	474
388	535
83	928
244	315
288	535
330	535
18	151
748	945
11	108
434	63
19	36
768	67
481	536
24	536
148	537
126	149
726	537
160	210
669	371
167	397
415	537
324	538
411	538
472	873
614	538
589	474
475	538
261	476
830	655
130	80
791	441
409	174
246	86
89	930
620	147
333	50
339	617
458	68
199	680
160	601
71	10
89	540
8	831
185	547
538	433
193	5
595	742
18	448
227	75
230	695
401	853
249	248
255	647
476	86
269	74
418	906
425	125
443	124
534	467
208	637
6	543
877	15
183	428
90	544
663	508
285	819
113	572
116	711
604	645
131	544
167	788
149	33
806	0
982	238
179	545
30	533
181	275
42	7
146	539
606	18
108	225
752	524
131	200
326	788
498	150
151	547
152	10
139	159
305	547
892	547
707	163
206	189
458	520
388	548
399	151
406	238
420	866
138	422
568	597
409	491
416	103
902	21
441	549
141	129
133	372
52	577
424	468
559	550
190	473
474	641
475	968
476	550
63	2
12	225
377	461
269	148
467	551
682	469
472	22
20	214
650	778
345	493
346	461
75	958
720	552
369	715
263	257
259	185
335	27
377	299
269	276
747	230
10	45
436	225
156	440
47	554
457	115
460	152
464	170
325	445
443	555
131	526
467	555
599	86
875	418
474	132
879	327
319	325
326	822
329	326
866	142
355	352
192	556
503	335
664	553
263	745
593	470
472	237
473	130
375	557
279	557
892	96
62	194
174	93
395	914
87	225
88	230
567	700
265	324
516	266
269	179
58	386
348	25
281	653
7	309
425	999
77	304
955	855
431	74
808	566
457	560
18	461
974	494
805	419
25	998
457	50
333	457
210	713
253	125
560	562
0	114
1	687
175	982
720	767
22	39
23	31
493	563
89	702
497	563
227	563
633	170
517	196
79	563
770	122
204	986
513	724
514	564
525	609
527	269
534	564
232	565
233	565
235	194
429	565
637	89
23	77
259	124
152	26
866	161
577	905
169	566
474	175
180	566
185	566
564	567
566	567
0	567
1	567
8	814
625	115
16	94
432	641
997	729
439	408
561	568
448	305
457	898
460	603
185	823
72	189
44	192
200	458
206	215
769	358
143	31
96	148
524	113
722	711
124	945
282	127
895	570
96	242
275	732
773	571
337	68
357	889
359	24
461	131
377	453
997	261
831	530
274	124
48	310
317	140
421	543
40	987
318	182
783	93
30	249
734	830
219	437
540	780
577	549
529	217
534	50
317	991
683	929
548	509
944	755
556	118
226	49
978	582
391	290
60	575
219	386
583	261
402	164
148	196
755	66
87	551
88	576
740	516
52	523
391	475
317	113
460	872
360	870
101	50
258	489
659	110
549	462
327	457
525	708
868	691
134	377
557	13
493	472
956	473
666	479
80	535
247	736
348	327
501	316
307	160
556	826
640	239
174	60
875	356
179	315
557	580
869	302
542	183
506	581
890	511
591	672
772	381
431	525
524	50
527	113
931	32
105	582
628	582
113	582
668	272
31	894
705	379
373	167
375	806
136	378
882	94
380	583
388	505
23	47
181	35
185	44
186	159
682	621
196	22
197	584
202	154
169	238
187	408
555	585
201	585
526	986
855	85
637	248
982	71
87	844
98	69
868	111
750	586
369	114
764	815
693	47
724	245
297	249
51	256
439	54
280	922
63	427
217	588
310	583
636	586
2	588
279	519
19	99
20	494
199	781
100	106
992	498
113	47
29	589
847	799
126	589
519	590
105	723
55	106
423	124
429	57
884	327
438	305
414	470
92	543
81	833
919	630
681	18
915	467
473	24
522	268
777	748
696	697
378	162
163	118
289	996
176	126
427	528
331	593
264	307
370	873
692	337
342	593
524	232
307	509
366	594
261	518
157	594
175	84
347	898
990	524
817	331
53	427
954	126
127	739
435	472
42	312
732	396
147	596
151	596
680	286
721	160
590	293
325	54
401	225
50	232
885	12
524	692
89	75
290	83
110	762
139	108
434	25
464	111
42	470
807	298
911	333
491	482
787	493
597	734
470	0
368	555
938	18
118	255
370	22
740	334
793	497
50	480
57	237
287	58
124	476
61	172
145	72
24	348
72	601
838	794
87	925
0	89
485	583
113	966
22	602
45	600
329	602
877	4
545	517
999	388
28	299
315	87
319	10
322	4
107	125
841	924
331	603
724	603
578	333
74	124
79	488
96	438
884	959
778	451
65	602
524	493
536	605
776	545
759	549
551	346
277	580
725	605
318	286
470	267
142	606
242	147
148	606
546	548
566	152
436	134
287	607
467	22
460	315
543	607
175	806
949	607
276	281
22	124
23	125
121	608
25	262
812	756
933	728
593	79
596	609
218	192
0	609
1	609
8	364
333	275
448	345
87	469
102	610
104	558
579	804
774	820
787	136
763	855
3	234
715	53
693	238
124	564
466	617
587	316
67	405
438	472
456	641
346	378
212	612
473	612
565	702
97	24
113	613
629	217
474	453
124	613
182	24
18	134
34	25
472	285
152	333
47	614
50	614
56	834
154	187
124	654
125	615
195	615
132	817
142	615
23	441
936	882
7	23
102	76
477	334
90	616
605	516
707	17
505	616
227	155
142	461
808	564
151	22
158	611
506	608
52	558
68	161
589	309
315	618
181	402
66	850
219	449
709	67
875	51
565	447
603	153
126	619
478	247
139	619
12	22
309	276
495	882
416	0
301	486
4	620
985	11
131	791
918	26
555	386
981	711
140	261
31	2
148	185
337	188
448	211
457	357
342	114
457	15
23	853
468	124
974	472
527	480
330	623
551	0
553	758
602	558
617	623
769	80
423	432
75	714
161	148
588	127
988	116
125	241
190	404
872	245
283	772
34	735
33	111
213	595
517	687
525	44
858	331
338	242
41	368
81	916
497	331
370	626
54	913
738	574
679	214
131	236
411	387
197	288
338	147
61	650
565	843
626	628
148	495
510	765
564	687
152	337
156	261
932	357
358	212
367	96
370	57
349	650
378	613
384	776
596	630
846	969
317	722
613	181
595	614
628	22
0	630
918	421
207	287
112	236
305	362
309	150
315	436
258	631
323	793
35	333
334	632
213	411
786	29
356	22
357	185
89	633
161	633
75	633
124	633
963	633
642	538
132	93
647	317
331	634
375	634
378	634
21	241
401	634
406	83
423	635
433	168
140	533
194	635
598	163
20	154
64	171
225	435
440	247
604	652
115	459
156	19
472	312
473	636
410	637
44	416
422	637
286	327
545	472
485	810
281	301
353	211
701	638
302	953
359	94
367	638
357	370
307	202
959	789
365	580
694	670
326	11
329	639
131	639
331	639
575	640
286	576
588	170
605	640
600	315
602	404
717	171
533	396
408	462
135	595
441	651
609	237
457	315
458	327
632	908
469	633
404	376
247	642
248	4
612	767
22	642
493	864
87	206
88	959
169	126
149	643
847	348
140	643
56	186
931	644
406	691
314	81
87	408
92	763
25	94
670	586
420	513
725	433
24	645
178	761
435	5
551	134
141	205
166	83
689	276
282	124
149	7
648	114
124	316
214	982
216	647
227	274
238	126
810	999
97	470
323	134
209	655
51	648
796	46
772	648
204	11
674	499
781	523
152	654
344	113
93	649
38	649
370	649
373	649
390	649
573	421
122	629
457	921
541	650
108	283
845	476
460	475
311	831
369	620
917	903
852	939
630	56
424	257
637	5
741	608
401	494
416	396
588	107
459	9
453	84
457	289
646	603
92	840
608	392
882	939
392	624
878	628
633	317
276	232
743	431
717	374
338	698
465	241
955	28
221	900
665	489
435	378
490	90
795	389
418	655
402	655
426	655
562	120
100	656
113	656
147	114
115	856
118	23
124	656
627	307
87	35
642	657
1	656
654	553
655	657
83	0
159	84
380	658
113	20
352	658
121	658
124	224
125	838
401	406
880	811
544	804
895	955
784	434
872	861
174	927
239	592
244	317
250	113
252	518
253	104
789	577
444	660
373	188
326	375
385	661
795	661
363	298
200	63
24	661
674	884
857	201
827	601
57	662
120	965
554	662
990	428
420	399
194	398
921	124
963	467
84	663
487	663
315	196
684	365
322	169
406	664
382	664
333	181
336	664
289	685
402	22
82	285
892	142
188	329
438	375
317	380
521	453
488	907
71	83
549	2
81	97
651	657
89	685
93	669
433	667
47	496
10	667
338	99
764	22
236	667
912	997
36	668
775	164
108	166
563	93
179	75
312	181
182	668
410	537
720	172
64	365
423	74
51	425
106	143
843	669
747	403
245	420
434	610
95	670
836	153
232	712
457	330
247	21
731	81
438	671
665	414
342	316
259	671
179	162
84	672
914	172
436	672
96	672
358	182
874	911
277	574
698	124
907	128
840	673
884	576
646	673
152	330
791	166
587	340
291	234
583	739
994	758
776	124
566	39
493	152
507	83
15	920
432	88
347	571
124	546
181	162
64	869
527	676
822	533
168	706
372	611
545	654
916	316
564	431
25	629
523	317
338	121
517	124
549	707
869	442
539	140
316	126
267	651
384	227
60	113
132	186
316	888
188	26
394	147
131	397
399	44
367	679
242	508
936	243
420	679
920	366
719	680
336	238
337	215
345	11
983	356
265	522
175	111
70	706
315	681
564	185
176	272
705	201
206	390
242	682
9	113
767	682
681	259
125	27
715	266
315	493
442	821
162	265
238	322
988	683
242	960
301	5
134	315
21	36
834	294
514	367
517	22
836	684
60	522
805	164
102	154
124	685
5	134
394	134
810	197
11	147
151	397
510	436
396	469
401	455
402	87
757	413
343	686
434	686
813	426
431	687
337	808
438	113
439	608
442	85
682	448
531	16
903	493
237	289
247	19
431	480
632	688
824	6
289	689
11	689
27	187
22	689
23	939
24	839
101	212
734	690
22	152
322	23
24	690
25	200
2	92
330	4
282	853
288	3
578	293
300	862
312	691
22	624
511	433
867	522
703	692
527	692
545	73
402	553
563	948
564	692
22	23
150	849
59	693
709	60
102	130
89	259
2	611
178	62
437	121
613	681
785	872
580	694
577	694
639	248
678	322
879	351
687	685
271	289
382	0
1	483
6	695
982	826
305	473
695	465
475	614
599	696
447	696
19	478
754	617
592	957
426	260
361	710
362	22
367	167
267	283
436	698
494	739
439	374
496	76
600	22
498	261
118	134
992	265
244	268
266	375
275	17
567	215
290	699
296	234
310	23
838	471
365	700
958	399
17	326
668	78
341	27
534	921
545	706
205	701
296	850
560	276
400	88
567	189
305	679
315	185
316	282
135	334
323	634
448	948
185	188
113	703
0	493
22	118
313	100
124	703
281	589
426	516
799	152
626	704
32	704
47	639
658	268
633	346
859	460
23	108
580	705
921	113
360	652
559	572
622	410
134	108
665	872
554	18
21	706
22	564
421	26
24	706
25	481
771	203
514	344
524	609
237	484
274	527
586	482
535	158
587	888
356	708
357	708
24	358
484	775
373	708
375	606
111	63
854	709
801	108
285	280
335	709
54	145
390	685
227	96
334	262
229	93
90	755
284	244
269	19
211	259
650	621
263	228
79	314
187	82
676	711
677	3
792	432
274	712
501	502
375	712
748	902
323	712
399	671
326	712
577	713
315	494
571	713
638	324
259	337
191	984
752	740
708	553
709	695
712	151
0	714
1	342
453	7
221	15
262	278
545	315
546	626
93	715
177	252
97	715
588	316
428	197
735	474
443	969
437	617
135	364
96	547
142	716
20	488
737	493
152	874
83	111
376	88
5	159
510	96
760	718
503	807
945	683
25	740
424	571
978	718
925	524
118	494
977	719
394	17
415	475
419	473
694	719
373	431
27	950
0	166
729	45
288	182
51	50
605	720
205	125
22	681
545	22
243	400
303	721
920	357
854	239
707	721
186	722
90	97
430	129
665	16
289	722
232	189
206	309
621	723
323	435
412	723
93	322
88	839
326	320
421	723
148	545
58	371
720	184
74	164
307	498
690	76
514	724
972	565
73	725
108	867
79	322
868	83
475	88
89	126
498	77
303	155
153	333
514	823
272	460
731	480
529	24
579	204
416	420
501	727
194	118
824	727
75	808
216	727
166	469
167	1
132	169
551	170
641	455
189	22
709	728
745	847
114	436
125	115
215	724
119	729
802	474
98	748
156	247
535	221
545	681
235	730
164	315
259	592
619	753
162	527
149	731
167	731
587	731
178	248
180	26
185	87
722	732
0	708
1	732
704	541
8	734
251	23
22	234
339	612
448	458
440	221
368	51
222	141
228	143
215	244
185	229
221	74
235	734
242	221
798	556
841	76
473	880
356	0
324	356
370	148
85	735
148	654
317	716
603	338
426	736
106	736
113	422
124	928
704	125
620	846
133	174
209	135
176	134
259	181
660	442
196	737
206	402
214	717
737	4
477	738
1	87
2	693
223	559
465	160
401	354
350	299
76	739
155	665
619	354
673	595
498	739
124	475
443	86
547	329
266	474
558	569
280	773
309	563
50	567
26	578
439	549
440	741
16	446
457	741
673	741
69	741
296	742
631	31
373	166
649	167
904	652
333	669
672	461
342	5
301	743
461	50
94	22
968	356
26	357
180	743
457	744
460	891
461	744
467	744
472	744
773	745
67	133
919	326
766	67
333	745
795	110
344	237
620	619
401	356
514	189
952	746
695	670
530	746
672	703
205	350
717	746
314	973
960	155
83	684
87	966
331	237
113	460
96	966
74	790
198	949
496	651
133	121
124	31
624	376
114	132
943	749
242	186
334	475
145	749
721	749
510	472
724	685
321	429
368	58
716	276
717	466
722	113
27	241
675	750
166	751
648	123
219	138
678	2
225	751
227	751
232	26
716	196
947	503
691	83
737	124
10	125
701	24
224	740
237	753
153	753
266	603
846	96
271	879
281	316
238	23
165	476
486	945
904	195
499	254
493	480
46	697
366	754
296	755
435	148
10	997
598	847
445	129
127	759
450	322
652	520
524	333
159	461
529	756
534	429
535	756
306	10
228	76
1	188
3	419
14	160
17	681
22	365
714	757
38	91
179	758
493	560
534	460
974	186
552	477
297	200
681	28
312	593
297	759
432	700
11	958
323	89
715	84
64	760
210	327
686	67
159	69
164	124
857	98
432	319
330	467
930	469
472	124
473	761
1	474
677	101
789	542
190	762
976	762
772	762
777	132
301	200
624	389
113	493
644	400
179	356
97	172
20	738
22	232
574	763
24	505
984	715
788	431
664	127
87	689
692	124
695	124
683	109
550	236
353	765
564	215
461	892
567	514
825	374
299	604
738	24
22	766
23	766
24	235
314	834
33	766
627	72
493	148
972	494
517	500
506	121
511	434
623	767
361	257
723	768
241	11
567	746
581	536
105	768
565	768
196	687
298	86
568	942
511	413
371	573
202	316
174	769
324	62
119	903
587	292
96	858
229	639
620	132
378	770
649	770
206	162
802	84
324	204
851	19
493	23
858	305
442	115
50	189
271	616
309	266
315	472
167	484
317	148
670	546
724	344
560	744
659	333
920	89
211	264
457	161
568	24
594	52
15	774
732	988
426	254
25	738
146	739
913	23
781	904
662	775
88	45
679	775
455	973
689	356
71	691
408	140
590	454
326	322
455	126
27	364
457	776
499	742
456	485
207	33
586	239
82	494
352	495
94	256
751	497
990	103
257	492
467	770
240	99
899	125
222	778
568	55
663	779
668	288
681	113
898	814
581	779
625	66
972	491
304	498
847	52
8	210
786	796
518	780
524	185
876	954
300	116
330	333
886	781
338	554
349	96
921	89
357	196
966	402
633	782
176	643
44	649
808	152
671	782
681	737
605	423
619	783
630	783
634	305
646	229
654	399
489	670
928	39
456	53
317	394
322	20
76	784
913	111
117	316
558	785
451	444
393	110
632	363
475	581
153	593
606	785
732	87
573	837
183	728
166	441
179	786
851	186
543	789
400	209
970	402
409	613
7	427
373	420
737	598
853	102
15	285
671	788
420	788
919	788
430	529
435	854
897	473
473	688
83	336
613	244
450	126
637	48
786	239
119	15
575	440
177	155
38	89
113	790
692	460
124	790
125	599
221	495
901	369
168	601
2	791
73	215
384	791
293	920
545	344
363	929
113	462
189	560
566	656
24	949
932	472
259	26
662	793
269	0
275	613
271	288
297	149
375	793
59	794
14	72
949	895
77	113
569	254
81	821
198	690
26	478
644	10
484	634
213	475
613	493
926	494
507	312
115	908
116	796
903	754
122	946
879	124
327	125
242	142
151	797
615	405
413	239
161	689
162	237
169	97
170	797
622	579
588	798
369	765
818	638
370	929
376	313
189	613
175	510
234	246
190	799
125	153
374	799
928	799
287	383
506	0
513	317
932	152
17	147
417	807
524	124
516	640
344	196
473	184
108	731
156	208
743	420
484	801
610	85
508	458
99	608
360	733
39	131
235	522
179	524
47	528
948	803
305	803
735	626
267	316
967	317
407	318
325	27
677	253
398	804
270	410
406	450
419	286
622	804
439	804
285	103
185	232
448	188
206	517
84	684
234	561
515	707
107	419
79	806
472	654
155	546
90	473
343	85
131	176
398	168
888	78
678	81
814	807
144	977
89	807
87	632
321	472
609	17
737	583
738	894
493	484
24	947
541	311
211	18
215	809
708	469
58	786
527	2
245	809
413	144
35	18
762	988
562	356
748	203
637	90
45	810
69	924
381	811
361	811
474	22
180	477
546	877
187	490
740	240
107	286
25	400
489	457
460	23
469	26
64	472
473	350
434	148
626	813
435	151
499	927
23	462
219	113
207	813
344	244
777	349
148	356
433	489
370	814
909	860
25	119
222	278
551	654
395	815
665	224
586	933
362	38
35	613
985	134
664	816
462	316
469	816
472	816
473	802
474	816
315	307
669	929
79	817
84	817
89	817
292	92
967	330
353	93
633	18
654	188
447	95
270	665
797	671
38	1
704	819
25	819
123	371
377	211
24	385
400	819
30	63
493	124
831	820
22	874
517	50
518	232
811	795
501	2
493	179
501	821
203	794
817	591
516	27
527	509
126	821
338	991
136	888
139	161
850	236
154	993
179	251
181	790
179	551
84	823
578	11
886	124
192	18
605	823
215	692
121	824
853	145
48	174
104	688
127	824
33	204
584	719
226	825
998	825
0	825
478	281
630	128
972	72
305	825
30	715
722	75
309	871
725	826
640	720
730	826
906	696
174	14
214	470
523	648
463	473
142	377
305	151
754	79
561	828
566	314
18	316
288	828
325	828
613	152
590	481
125	764
23	439
21	829
873	399
87	186
6	72
790	930
950	475
828	830
612	286
215	26
41	745
581	637
73	516
256	829
942	830
651	0
522	627
776	831
131	22
544	23
329	458
336	457
340	959
68	131
844	179
223	965
357	363
382	446
625	999
96	397
398	833
403	833
590	585
435	89
747	834
6	749
465	771
127	834
119	654
158	748
496	766
113	227
458	835
460	162
816	132
905	835
255	681
865	0
87	161
305	96
113	11
510	817
179	124
787	470
126	836
794	708
798	23
808	24
809	837
810	298
77	837
468	837
480	689
157	838
971	678
681	227
52	838
163	102
292	684
113	472
473	839
803	474
146	235
476	839
477	465
478	224
405	783
306	433
0	406
319	840
874	330
337	840
346	1
179	480
91	437
292	439
631	442
138	883
197	841
829	910
734	810
144	842
311	383
187	747
379	120
197	741
742	842
371	906
566	22
22	737
260	589
613	893
573	843
94	270
237	346
316	217
323	844
326	844
333	356
6	187
718	417
999	845
672	229
479	418
142	679
448	164
453	845
15	845
831	467
560	467
817	456
566	846
663	593
61	914
730	603
423	363
19	290
89	925
801	131
401	301
110	587
70	454
104	799
385	459
978	848
75	323
356	170
185	517
133	316
866	668
632	311
800	441
244	849
56	816
341	162
87	420
40	492
159	59
681	379
29	355
496	486
502	512
165	110
615	597
617	444
620	75
473	626
230	518
54	420
851	862
161	378
233	271
174	629
176	5
559	52
337	185
133	187
758	317
761	782
202	787
864	777
823	467
691	826
118	853
34	854
493	192
550	106
505	854
428	839
975	721
612	519
925	585
173	452
255	588
98	855
560	242
816	874
496	804
383	879
445	856
591	2
226	220
737	835
894	37
71	93
403	149
80	857
473	348
356	567
181	244
125	857
619	446
464	140
716	378
671	858
692	189
524	196
113	803
205	286
65	123
770	53
776	932
780	549
785	413
179	788
803	20
388	138
177	926
464	203
399	860
951	400
414	860
446	860
972	728
438	309
415	861
251	456
399	225
299	887
122	459
768	862
635	771
47	973
125	961
821	314
833	587
147	844
162	863
409	183
687	863
692	863
191	709
560	330
719	125
736	413
566	57
738	15
595	864
740	511
364	465
85	742
801	249
803	148
332	949
727	303
809	967
611	720
817	664
930	289
621	293
790	460
305	866
944	704
715	129
340	5
721	23
44	0
729	725
731	867
322	312
252	176
739	692
943	19
629	341
457	124
866	464
472	24
377	5
474	84
472	60
473	113
664	474
495	475
480	124
486	580
126	533
388	870
505	247
212	258
8	813
101	572
113	870
951	912
751	22
453	871
26	457
458	871
472	361
912	473
352	224
178	121
179	503
181	237
806	189
569	607
193	83
430	205
521	753
406	461
57	687
693	873
538	160
737	315
82	177
643	234
701	174
5	81
709	665
503	870
410	25
829	28
162	215
132	969
359	165
403	304
729	48
180	317
935	116
629	23
76	23
225	876
858	438
859	649
446	876
938	866
394	520
567	534
707	114
554	271
595	575
620	662
101	306
173	387
775	633
344	776
488	783
112	69
790	23
728	16
42	653
43	178
832	25
589	879
181	460
227	206
211	148
62	934
88	909
449	201
139	970
88	668
586	428
644	99
453	973
402	457
405	111
458	39
472	271
473	881
119	439
309	793
895	329
858	353
615	631
522	23
59	128
573	655
526	883
651	883
680	883
681	399
124	741
685	38
689	472
823	179
958	264
829	262
374	884
614	840
844	775
84	846
588	885
601	19
609	534
99	885
358	112
614	885
24	792
604	886
662	384
249	663
352	665
628	670
469	161
452	886
854	845
797	858
47	860
866	448
240	749
80	887
875	887
0	613
62	592
421	343
519	888
169	822
178	15
81	888
394	420
249	889
874	57
877	991
0	889
1	330
536	676
1	375
158	757
841	890
28	887
214	406
208	890
205	957
873	891
420	687
206	435
446	891
446	646
249	453
609	438
572	17
301	868
595	665
609	57
689	613
570	429
553	74
608	673
757	417
656	682
460	17
685	18
111	993
689	893
746	842
582	181
184	628
93	319
189	894
808	232
249	192
703	370
820	711
715	128
721	340
404	895
946	895
484	620
909	896
809	506
817	283
828	896
586	896
856	130
425	471
632	80
523	296
564	206
84	806
808	269
809	402
333	816
47	4
178	218
57	898
387	66
75	242
79	406
414	320
728	44
373	758
729	425
188	378
387	899
85	899
932	396
612	900
152	189
932	113
246	197
863	189
315	900
200	450
473	901
711	347
314	901
315	901
275	316
822	901
378	50
30	102
950	133
385	652
388	37
390	84
394	416
354	544
809	124
426	505
167	152
18	484
532	903
806	56
427	81
815	799
687	397
688	904
794	542
868	238
128	131
708	35
121	54
55	611
127	905
131	905
132	905
69	36
364	143
404	690
70	843
517	737
225	338
259	524
527	189
234	473
775	167
776	907
23	4
782	333
790	390
801	907
431	809
687	275
244	0
8	908
301	634
54	403
944	908
398	11
51	445
83	919
863	22
458	995
264	215
67	683
438	510
524	0
14	910
808	534
193	22
579	405
99	910
25	910
108	672
598	66
113	911
114	83
568	120
61	122
124	188
602	417
631	912
743	609
613	357
235	82
936	627
630	871
275	344
276	87
282	11
287	774
534	7
478	256
315	466
682	643
242	891
223	914
27	845
880	914
963	663
811	917
758	164
899	526
907	915
507	193
840	216
114	154
18	44
740	433
198	448
302	601
215	896
227	20
298	381
234	107
219	917
940	225
227	68
229	108
232	124
568	236
26	244
493	918
238	448
4	783
460	57
207	842
865	65
24	631
438	448
170	919
95	55
303	706
87	65
100	772
72	729
749	131
13	328
773	702
271	535
86	286
89	235
411	235
919	414
405	344
421	921
550	196
436	458
786	530
890	25
496	705
666	922
677	922
865	767
512	379
683	922
89	448
188	808
496	923
123	848
160	627
185	216
217	2
251	923
231	739
470	31
18	139
24	924
128	87
865	51
81	924
398	340
399	513
402	925
414	154
859	925
943	434
881	138
952	926
260	424
992	324
432	926
433	539
860	114
441	2
569	927
196	681
682	659
685	927
192	150
511	112
703	22
736	526
647	27
861	784
933	310
315	974
317	309
319	88
822	446
447	929
382	168
269	457
458	817
286	704
470	102
678	507
357	259
98	917
628	202
50	899
900	302
57	915
305	931
315	88
732	317
183	841
211	282
756	931
284	835
741	67
74	966
75	685
87	932
89	180
91	573
93	607
6	933
57	681
196	126
132	715
137	14
138	827
139	367
122	418
211	698
721	934
116	0
422	725
727	934
733	3
681	11
281	975
646	703
837	935
424	935
727	601
745	839
851	936
608	936
770	22
216	290
503	912
176	485
896	183
395	886
525	788
613	545
124	540
544	441
941	937
11	547
898	179
553	264
109	555
918	525
921	938
922	113
930	938
134	589
216	673
515	653
133	939
234	939
236	636
873	450
823	344
23	826
953	351
839	392
178	840
783	377
846	940
124	897
137	309
370	941
476	212
355	618
965	449
983	169
222	315
607	942
266	114
213	784
732	553
736	769
39	488
442	277
354	193
730	309
146	943
639	474
23	681
391	943
525	215
2	345
4	151
5	551
95	944
336	78
22	745
298	570
15	616
201	718
9	479
8	286
795	945
532	18
264	179
207	612
798	613
638	178
599	300
147	39
654	578
173	947
333	777
89	189
760	190
116	122
102	947
212	947
17	22
961	702
233	959
692	244
970	245
259	948
345	196
23	641
748	831
587	518
654	761
655	854
75	438
349	514
129	124
22	460
23	678
8	24
25	950
26	613
27	740
399	57
851	135
69	99
667	415
51	28
427	200
430	951
24	952
24	173
940	90
720	952
101	952
424	103
4	114
20	283
548	654
441	485
341	90
117	98
646	474
600	552
249	954
295	231
125	843
267	780
399	245
292	740
297	954
112	955
264	113
669	594
124	980
125	429
24	769
599	955
438	134
531	956
235	540
550	956
563	96
965	95
565	22
454	260
544	297
109	232
95	927
959	279
134	20
645	810
312	641
315	22
147	225
345	958
346	958
357	32
759	367
184	957
643	192
186	907
291	402
921	179
246	959
948	56
859	215
357	960
375	520
754	372
346	377
637	622
390	148
0	961
325	182
15	961
17	232
19	749
145	25
23	961
426	41
778	49
147	436
453	450
7	832
359	99
467	378
891	126
577	914
539	6
899	963
897	335
323	963
18	963
493	761
494	295
60	27
717	58
457	273
498	278
650	820
486	42
632	319
859	493
126	7
415	956
310	241
480	196
305	170
44	966
316	766
317	782
994	472
319	400
987	122
457	967
461	397
467	613
469	967
144	315
472	139
66	865
778	437
185	968
448	801
284	550
457	968
458	968
244	467
458	969
472	269
4	474
244	567
57	995
484	969
6	709
131	898
142	663
695	60
81	815
964	84
968	787
275	206
111	971
194	121
883	870
124	319
39	134
707	971
375	440
836	528
911	457
468	62
545	932
933	972
495	364
935	825
737	973
763	328
76	59
302	351
682	598
742	931
881	743
898	974
0	899
204	974
516	259
412	623
921	974
267	622
566	517
916	488
691	589
603	821
607	268
2	975
180	533
609	480
911	495
870	143
469	915
113	918
483	461
922	976
215	87
218	127
226	977
257	227
244	911
547	646
130	387
235	804
596	148
480	859
817	59
821	450
845	978
852	216
610	236
244	979
697	181
259	979
276	979
264	276
263	355
24	66
922	277
199	980
654	0
932	83
41	219
614	352
252	706
887	981
730	30
944	737
738	133
818	739
291	371
737	472
953	594
414	391
243	265
741	22
742	277
743	26
29	107
730	905
907	402
524	911
232	460
916	267
4	238
337	863
603	984
591	984
687	35
293	124
137	177
893	333
196	0
681	344
685	985
597	207
220	891
703	457
255	985
18	11
708	87
21	986
818	805
23	986
217	986
25	847
267	638
268	987
625	612
102	23
289	458
847	205
475	320
936	491
689	493
503	23
507	124
541	107
513	988
774	705
133	989
108	22
752	439
815	989
683	273
171	989
739	989
80	409
351	468
71	149
886	93
460	6
250	14
119	990
554	991
561	991
270	575
299	908
323	991
581	163
603	5
457	196
22	461
472	17
498	464
480	724
800	486
493	333
184	872
715	185
87	196
288	208
174	226
326	382
238	97
911	744
385	114
921	994
922	95
923	674
101	789
17	930
126	84
941	498
34	505
175	641
814	529
533	266
633	11
966	996
35	996
460	996
461	996
462	403
846	147
470	384
300	347
304	441
881	308
309	416
764	158
54	997
318	28
917	103
529	680
536	204
224	998
937	136
236	998
444	116
269	316
391	999
1	57
617	683
684	399
472	856
618	144
