286	9
691	793
370	0
264	1
602	175
202	556
234	125
127	124
170	606
248	765
28	875
609	373
428	626
94	334
398	629
822	93
3	965
4	5
4	964
252	4
4	126
4	834
487	5
5	185
501	780
835	5
136	92
89	488
603	486
6	667
308	8
8	130
107	229
175	202
289	448
10	74
934	840
1	472
2	408
73	491
606	898
353	448
327	726
11	17
657	155
384	0
685	237
48	2
3	101
4	510
49	172
0	17
164	17
518	169
186	214
455	4
59	664
315	93
180	18
0	18
776	1
2	785
700	465
4	889
535	942
59	19
77	2
473	3
771	738
444	273
6	23
420	1
111	658
4	20
5	354
11	20
282	126
170	18
69	262
248	20
180	0
1	11
463	754
3	755
260	294
8	22
10	423
938	11
17	396
698	18
0	22
1	22
17	124
18	634
113	214
251	450
403	23
92	1
2	23
699	885
22	921
706	933
769	318
913	818
523	24
969	186
753	11
65	656
529	19
626	25
23	25
24	561
515	23
494	26
126	153
22	915
420	264
24	288
423	25
0	26
21	27
22	27
952	46
24	750
25	27
26	139
536	130
167	17
22	289
413	771
869	28
243	25
678	28
27	890
180	11
14	156
17	495
551	18
911	344
653	540
24	518
882	468
907	30
923	304
636	814
26	761
27	30
997	622
26	96
445	27
67	306
206	1
202	102
181	50
16	539
0	275
582	827
881	158
9	32
263	451
958	38
811	695
7	33
11	551
17	431
277	107
23	33
24	138
334	118
119	832
1	34
170	578
306	74
183	34
24	148
387	20
652	35
657	721
890	23
571	291
336	25
26	35
990	27
15	130
618	514
318	962
23	36
477	819
25	93
528	438
529	112
741	842
411	37
74	242
25	37
47	121
27	37
0	679
27	508
11	38
937	20
5	836
0	38
24	339
33	450
75	39
38	151
145	0
1	39
4	59
675	961
265	33
61	184
35	89
189	685
193	20
101	550
474	367
962	207
743	237
599	576
2	437
812	814
594	24
120	280
133	540
33	42
5	453
345	527
524	1
553	50
17	469
38	167
0	43
1	461
2	43
721	90
584	43
23	43
17	44
809	44
50	188
516	21
18	276
19	146
422	826
682	617
902	324
832	45
25	45
161	206
27	45
28	624
18	89
22	494
23	295
504	46
502	25
866	92
616	24
624	280
332	597
22	47
230	725
977	172
827	4
26	809
18	679
927	530
23	14
98	977
851	25
731	267
27	824
615	6
407	49
551	712
78	49
322	22
242	316
28	962
44	50
0	50
390	11
16	237
591	329
145	77
22	50
26	50
1	79
109	315
18	377
22	51
174	145
519	472
396	938
98	195
266	50
0	65
0	87
4	693
489	472
611	165
1	89
5	591
989	2
916	53
22	53
23	53
0	54
290	411
356	166
23	54
857	602
614	54
26	397
509	864
448	186
866	39
50	356
951	459
315	1
570	383
38	56
703	44
47	56
130	555
932	148
633	44
525	148
18	57
68	634
356	57
24	125
962	125
26	57
338	435
79	308
22	493
583	23
597	24
750	115
26	58
178	490
722	44
53	496
56	59
0	59
18	189
22	309
23	59
44	609
471	117
4	218
20	487
269	22
23	243
258	24
22	381
495	191
24	61
598	61
26	493
404	492
28	61
642	627
23	546
756	24
25	62
26	113
588	320
351	28
531	125
59	63
259	0
1	416
458	63
22	650
23	202
515	62
22	86
212	700
24	644
302	64
26	420
585	956
248	59
314	563
983	579
446	5
108	75
11	918
565	12
113	76
635	375
50	164
101	66
60	21
64	122
725	0
859	50
491	67
983	896
0	981
910	728
232	654
782	180
736	24
20	30
129	908
917	40
41	0
44	626
54	747
737	38
167	18
45	69
48	21
439	69
144	572
491	63
109	271
18	866
251	954
146	22
284	981
24	98
412	70
5	71
268	134
22	71
473	878
306	24
217	214
467	26
208	72
47	114
784	72
282	5
42	11
943	72
23	72
788	0
358	8
158	962
403	290
23	638
112	24
25	73
126	47
50	493
53	74
57	74
898	0
17	74
18	74
527	357
561	792
199	24
25	14
201	26
729	27
950	709
35	469
557	70
50	850
514	394
73	60
68	329
225	1
783	186
74	35
75	124
0	77
772	623
90	137
17	685
57	179
878	78
64	195
345	75
993	76
723	763
66	475
461	38
312	79
292	992
621	451
446	79
182	561
71	79
50	578
358	80
21	600
1	874
130	12
559	287
23	676
617	865
79	81
535	81
96	1
11	124
22	372
23	81
592	15
28	735
23	42
24	183
25	364
705	781
27	82
44	517
50	11
918	39
5	83
821	83
2	83
231	391
39	84
51	84
596	84
57	808
54	622
59	30
63	84
760	130
23	324
24	319
661	85
730	438
828	85
28	85
222	22
169	23
24	430
566	330
361	371
972	992
148	472
22	87
56	87
223	365
25	99
26	87
139	525
64	471
277	946
23	181
24	88
25	88
26	206
27	670
757	88
42	136
44	89
648	40
28	329
53	77
859	57
297	589
508	139
241	6
377	11
22	90
964	229
655	24
25	89
508	180
89	91
289	315
11	305
998	15
540	22
487	193
345	74
596	189
0	185
38	416
462	92
235	471
23	92
244	89
133	867
22	333
23	149
613	333
238	93
26	356
994	498
75	399
79	31
675	726
415	67
0	326
2	294
151	858
206	57
96	229
255	63
467	0
295	90
542	95
430	611
913	140
674	3
359	433
75	206
22	716
405	268
20	126
22	97
23	97
926	16
506	25
26	124
861	27
332	796
742	98
58	530
59	329
63	53
126	179
81	554
129	830
84	336
89	164
479	315
701	99
772	945
118	99
255	102
803	139
89	467
90	515
92	324
666	224
452	100
336	127
497	96
431	0
802	967
11	527
17	525
278	148
554	102
773	51
83	102
448	87
137	840
781	52
93	102
794	87
149	251
93	663
111	747
845	896
1	227
699	2
861	10
611	449
645	15
688	429
289	74
259	22
533	23
974	613
0	310
139	68
476	473
193	127
254	23
718	105
66	106
320	54
101	106
886	371
1	134
653	2
135	741
987	389
941	22
606	782
24	107
25	140
830	107
352	391
57	264
59	108
319	64
68	108
227	892
96	108
102	192
48	867
1	599
79	528
7	759
25	16
743	17
258	246
20	641
21	137
23	653
24	850
25	334
472	110
230	27
23	111
436	563
40	869
108	438
769	111
102	272
568	228
109	112
8	254
11	901
517	591
189	739
686	875
23	420
17	323
18	274
295	133
22	113
534	237
720	325
25	241
121	22
23	791
24	987
25	114
26	915
622	27
904	28
149	593
169	33
36	25
738	733
659	491
4	214
473	115
237	930
676	116
229	84
491	94
67	27
387	419
27	667
95	117
222	117
218	71
113	724
621	347
104	903
62	188
82	303
114	74
76	118
739	77
408	118
928	719
113	188
317	289
69	0
539	642
204	156
411	25
825	300
5	119
842	120
88	258
457	17
96	162
104	120
756	112
357	0
425	226
832	27
320	31
536	121
38	317
43	121
939	121
474	72
365	122
63	345
128	514
759	456
315	26
76	281
233	604
319	212
585	0
820	123
105	157
892	819
883	984
859	87
88	511
84	192
292	939
502	605
113	124
119	422
113	106
305	844
0	186
849	149
2	818
2	4
20	142
107	3
473	537
706	308
0	396
817	494
39	51
17	970
221	81
583	983
938	113
1	127
92	888
309	751
22	349
68	114
735	115
124	225
125	884
126	128
427	127
0	128
20	834
796	22
549	23
24	951
25	67
570	710
700	62
124	185
125	339
126	192
12	40
146	882
513	17
502	27
0	724
889	131
860	131
132	148
11	970
490	312
967	17
487	132
232	370
198	666
2	163
4	132
240	804
289	431
18	891
22	74
23	852
751	259
447	226
22	26
27	135
209	668
382	131
38	460
526	711
50	124
51	602
59	619
34	135
301	114
124	460
547	333
0	135
939	6
81	464
11	136
17	390
22	67
23	136
520	221
310	25
26	377
627	137
17	372
22	162
23	137
24	317
25	365
915	566
92	63
38	127
76	515
49	46
152	457
118	464
757	119
680	112
103	105
396	44
124	395
215	139
985	139
718	594
255	105
115	327
329	113
108	142
119	230
869	392
7	125
262	34
121	231
259	737
50	472
173	141
52	273
60	57
50	84
93	142
23	449
101	928
712	142
317	142
529	212
304	118
121	747
109	143
129	143
71	126
0	250
814	686
108	89
477	415
96	634
228	881
131	521
492	171
937	22
402	50
202	136
24	15
509	979
35	145
108	909
124	264
50	75
72	48
75	866
78	319
82	146
353	662
706	991
268	14
18	513
22	15
23	147
384	176
25	74
348	991
101	125
127	81
134	148
215	148
0	148
1	44
479	820
31	149
33	304
36	614
211	1
44	22
765	47
789	50
83	589
102	150
106	419
439	111
114	3
315	124
625	125
63	97
738	749
401	114
569	41
124	151
147	20
139	151
608	177
87	152
89	330
171	523
579	155
696	109
356	152
35	925
39	153
103	412
44	317
50	460
7	293
68	153
281	154
16	154
22	181
23	154
24	894
25	957
26	154
943	19
209	726
713	125
986	155
81	132
508	142
553	237
6	156
269	469
20	730
975	90
739	23
423	24
25	156
720	141
566	0
73	980
153	59
220	655
316	23
1	128
99	391
296	545
124	681
551	17
139	520
677	572
141	158
456	159
229	159
96	357
114	283
608	48
50	654
832	334
731	72
84	475
913	160
89	901
90	23
311	122
738	113
920	161
390	161
146	45
337	50
148	113
149	450
82	161
923	73
84	176
876	20
255	699
879	442
116	682
725	6
675	3
137	156
584	235
23	163
635	34
229	175
837	26
551	164
149	380
152	681
26	164
578	394
289	75
22	722
48	265
134	373
138	165
276	148
151	731
152	513
331	124
113	166
114	166
353	82
137	48
630	166
147	166
148	222
125	459
87	167
318	98
174	99
67	167
285	661
124	167
136	238
943	168
148	168
699	168
194	168
467	161
740	129
206	689
684	169
8	125
400	233
432	454
2	292
22	256
108	329
737	26
738	112
56	7
124	170
131	102
846	170
488	134
537	502
679	578
144	148
151	142
829	799
466	171
60	357
74	513
389	172
89	553
893	722
833	699
693	248
880	773
57	486
59	905
650	929
314	324
43	62
552	864
350	17
170	87
36	174
96	164
995	26
111	780
77	993
189	185
4	175
0	911
11	175
22	46
897	25
821	849
108	20
112	270
518	176
497	132
729	980
507	176
139	671
833	155
99	177
21	82
605	878
118	316
124	177
125	66
160	178
56	166
169	453
94	178
175	237
0	124
2	118
44	179
208	850
628	736
206	179
51	179
84	52
57	716
790	379
329	180
89	893
85	352
947	358
72	307
74	3
727	243
124	181
125	55
501	127
137	181
152	181
148	181
143	182
697	119
993	149
39	963
956	182
932	26
277	253
169	102
6	183
366	117
147	554
148	22
73	183
414	187
17	75
78	184
481	27
218	47
381	125
802	126
136	494
839	628
179	185
368	621
5	802
22	185
23	252
24	312
76	50
906	651
39	186
63	77
307	90
78	27
81	186
194	187
736	182
905	20
775	958
15	760
22	187
618	656
152	188
161	188
163	188
166	567
545	188
179	188
181	188
69	135
902	23
87	189
474	384
98	179
186	108
113	189
151	438
488	38
386	407
110	190
585	927
805	9
22	190
166	619
167	39
22	170
179	333
628	15
632	417
35	189
862	226
384	871
74	375
901	93
155	36
159	192
645	625
179	911
181	564
188	189
906	125
750	124
91	929
446	125
36	15
71	59
148	566
777	843
199	503
74	467
141	792
957	851
50	152
854	156
38	161
881	195
970	167
179	345
26	948
761	196
260	372
127	149
132	128
623	466
162	196
191	197
900	171
951	561
59	22
704	194
77	494
81	102
22	84
953	198
24	113
58	660
904	198
186	331
28	198
469	480
109	199
37	552
657	124
805	125
126	80
224	706
125	574
464	910
53	200
969	329
71	200
72	168
586	306
24	158
523	201
106	201
969	108
331	3
880	163
246	430
481	638
63	83
87	716
96	202
797	53
675	101
646	880
860	128
153	146
276	460
901	59
113	152
324	707
935	203
921	524
194	204
520	331
285	198
202	81
941	475
681	0
545	0
232	1
7	205
11	493
552	141
323	698
98	389
83	891
89	227
101	32
164	227
113	457
124	206
125	499
726	207
985	377
93	0
98	371
778	879
902	77
106	631
588	115
205	3
0	801
11	74
666	838
23	208
24	546
17	161
22	20
23	535
24	209
852	209
26	181
586	27
884	40
271	106
26	89
137	204
318	210
472	142
733	122
819	0
25	829
7	664
12	569
14	94
22	761
23	211
81	142
645	870
434	183
57	87
396	659
92	398
793	289
30	342
289	215
950	213
585	521
93	79
215	56
59	213
602	875
11	770
148	214
151	378
77	214
155	174
777	321
196	215
77	496
796	104
560	215
293	796
209	828
742	171
73	69
506	936
393	77
810	400
388	423
584	99
642	355
363	25
359	365
844	75
148	815
53	150
229	153
159	248
193	218
125	572
149	218
879	117
145	173
861	851
166	218
23	124
172	219
179	808
180	958
723	573
91	618
79	23
131	693
683	146
816	139
922	471
124	976
215	467
908	113
78	503
867	221
157	332
48	23
275	337
467	514
82	221
527	50
618	580
826	4
75	420
703	357
401	297
143	25
313	315
82	832
437	576
486	102
107	223
242	108
123	28
658	208
889	218
642	739
1	722
644	594
713	291
18	346
162	87
830	225
935	117
26	97
994	26
556	498
128	225
191	42
383	222
139	225
148	613
954	826
113	566
140	441
873	836
146	779
733	117
503	388
844	227
887	103
134	227
955	228
308	228
887	558
210	856
916	251
546	228
191	872
446	500
79	90
382	229
783	131
89	22
113	712
124	229
179	893
605	230
282	47
779	642
571	263
198	499
15	230
250	522
62	168
398	150
272	264
653	334
834	270
140	92
136	246
109	125
738	141
289	142
148	232
155	69
240	140
564	44
185	24
308	845
346	620
183	784
207	443
668	233
50	390
171	697
27	173
115	234
681	179
181	234
7	916
0	179
2	235
6	235
591	973
16	575
272	667
124	837
148	30
883	236
521	765
475	48
50	370
232	206
925	404
475	506
733	135
148	237
527	237
894	700
979	189
161	237
206	269
211	753
215	25
56	446
548	473
545	227
868	192
162	57
319	239
534	181
182	239
230	239
189	344
160	440
168	240
997	174
40	946
348	205
179	651
907	181
243	240
94	410
285	88
161	416
162	26
163	255
884	610
16	595
441	818
858	242
148	275
486	427
534	356
153	242
177	600
588	540
717	172
17	337
694	425
244	472
124	370
484	134
153	142
94	135
406	800
17	378
26	151
162	244
789	370
227	245
906	610
237	525
62	240
113	242
749	243
170	245
492	51
230	534
560	124
726	230
4	79
84	218
293	91
78	636
867	247
24	410
25	256
380	579
27	247
442	499
124	248
126	591
370	915
211	166
893	148
456	161
355	46
548	24
215	860
218	249
247	221
227	436
246	143
338	716
148	139
714	652
154	250
163	250
113	1
446	166
397	770
131	520
226	922
532	815
153	448
161	399
163	169
109	785
59	176
134	142
62	252
815	102
543	466
979	113
356	244
11	397
71	23
337	356
74	1
82	253
85	253
417	569
35	17
17	770
44	87
47	591
340	31
152	57
960	149
628	827
241	247
178	518
304	255
297	248
11	89
568	496
570	677
124	87
835	192
114	639
164	148
913	539
166	47
153	132
144	120
148	737
151	345
232	152
72	707
160	490
789	559
486	97
362	782
125	419
391	126
961	677
133	36
148	259
376	530
2	151
163	647
766	684
336	485
179	259
672	497
868	63
64	125
75	180
89	124
486	524
104	260
5	308
97	149
210	473
128	211
960	261
380	261
287	55
108	309
848	976
329	438
124	249
224	852
662	329
127	5
22	206
221	359
130	24
768	580
321	263
942	80
28	32
825	17
124	71
75	264
436	44
108	211
297	868
89	264
295	467
241	0
321	246
452	110
24	262
658	265
950	482
995	17
22	373
937	266
67	433
921	25
729	34
239	957
775	75
954	267
92	509
59	93
705	100
81	340
494	267
57	188
189	11
193	147
194	268
62	268
592	197
902	268
409	440
716	724
45	432
50	244
211	679
564	337
869	674
36	270
774	418
42	267
21	270
564	50
401	59
72	270
127	643
951	233
131	147
690	11
341	256
157	620
189	564
113	458
734	130
236	272
239	605
403	852
377	394
180	134
206	273
989	208
214	5
215	893
538	25
65	29
619	964
5	973
995	274
11	274
56	274
227	606
948	274
504	27
22	32
406	71
215	275
334	23
359	261
516	25
26	275
181	276
185	276
420	276
513	390
873	249
196	276
823	276
474	448
216	581
313	22
115	953
457	979
265	333
180	237
124	909
5	47
16	278
542	781
110	22
23	651
493	367
216	43
114	281
155	133
765	229
685	534
361	279
139	238
415	690
376	468
597	552
244	179
560	92
233	182
62	111
414	472
0	484
86	360
460	148
42	122
150	501
912	655
801	180
834	108
9	570
261	47
214	891
237	22
14	76
97	406
505	459
461	846
259	267
434	119
821	283
186	227
524	719
197	378
254	710
26	148
151	442
24	531
179	455
378	18
274	142
289	708
941	582
588	281
0	5
1	179
148	488
152	889
438	0
275	915
159	286
947	143
812	773
26	128
444	27
37	239
792	271
104	452
50	215
871	68
912	212
493	89
877	288
106	381
149	860
57	330
987	64
235	99
239	119
242	17
681	244
245	11
269	275
16	270
696	200
258	73
931	125
265	290
945	113
425	286
0	23
816	619
904	22
558	124
728	584
494	97
26	316
660	981
63	7
309	329
446	18
353	508
500	149
105	949
377	108
865	293
510	149
93	483
318	875
828	459
153	382
541	838
648	294
215	124
232	493
236	526
874	244
256	472
504	294
87	17
483	131
818	295
5	547
121	295
834	510
476	24
321	296
106	158
124	631
483	128
808	703
300	296
120	674
766	25
363	236
490	252
259	297
319	260
556	699
275	162
266	401
269	330
437	273
660	542
4	406
798	340
990	517
620	889
559	125
907	329
709	725
60	299
231	208
900	223
113	467
210	117
412	760
52	557
132	131
148	453
418	686
986	133
23	841
24	325
191	25
448	170
100	27
103	848
247	668
279	70
242	578
701	824
259	898
262	241
315	264
0	508
4	317
7	71
10	303
217	14
386	648
23	822
109	877
11	436
522	304
263	862
653	304
125	9
715	126
919	305
22	305
23	494
24	109
25	701
26	328
495	600
607	104
275	306
343	418
141	306
926	160
244	514
753	671
63	307
167	69
926	72
1	75
971	740
113	506
31	76
226	794
231	252
807	308
718	557
250	403
250	406
700	957
316	42
564	179
326	56
367	309
147	309
22	76
231	933
326	134
146	310
147	446
980	310
152	203
194	90
275	979
145	509
652	900
152	312
838	291
161	431
189	164
215	169
600	137
531	465
248	312
276	527
456	312
628	428
301	312
114	458
865	124
875	313
49	313
860	50
776	179
816	59
97	314
99	441
151	488
124	25
423	820
148	354
657	67
217	405
206	315
208	729
211	458
150	231
178	315
56	315
113	51
87	553
393	125
581	189
137	423
166	139
140	316
847	366
853	316
0	457
1	317
11	317
234	800
23	121
111	501
124	318
124	38
125	318
446	126
229	127
129	381
803	338
693	458
353	264
268	114
165	541
260	287
138	380
840	622
134	245
250	320
259	333
649	464
81	92
472	275
268	265
697	215
222	321
412	815
223	719
395	221
509	2
37	15
39	322
42	322
50	514
92	647
428	422
510	71
305	323
367	274
848	291
146	177
317	323
0	64
23	292
986	324
211	803
221	324
222	418
232	315
451	219
202	324
329	909
241	433
756	325
870	335
910	270
333	489
276	162
249	619
82	212
259	370
17	237
269	370
276	215
283	326
215	527
641	427
206	330
175	193
699	587
236	197
244	469
305	876
481	956
315	328
848	328
272	105
675	704
988	105
23	193
492	198
186	329
444	64
262	415
223	920
53	127
260	579
152	215
322	218
431	44
812	158
244	232
18	435
942	165
132	331
1	0
357	22
16	82
402	17
198	22
64	385
603	47
304	464
583	622
252	150
252	341
683	332
526	568
315	333
566	259
0	333
1	529
11	333
538	16
168	960
474	141
185	181
996	925
859	188
513	402
609	206
73	121
881	335
38	553
173	335
445	463
900	366
246	505
448	375
176	456
692	930
344	517
185	233
596	166
619	29
315	337
750	125
399	317
318	337
734	812
330	823
0	514
23	447
548	463
630	338
465	88
211	338
242	259
277	260
566	75
130	813
479	202
77	133
95	713
135	45
147	96
125	814
152	244
54	16
162	467
62	357
173	388
176	340
66	341
79	791
82	341
10	428
84	153
992	92
97	940
166	342
167	11
170	131
606	1
188	22
192	342
80	473
89	420
81	53
82	343
84	249
829	90
888	53
98	277
22	344
473	318
294	726
25	878
26	344
635	88
289	180
105	562
944	69
79	533
690	670
18	345
73	78
928	28
113	346
167	346
120	820
124	346
964	126
369	131
394	133
900	922
575	22
237	911
562	220
761	517
84	901
117	61
59	871
68	71
88	581
3	348
111	494
281	348
27	857
35	41
109	430
427	630
47	375
50	148
68	59
823	75
315	113
252	583
125	350
508	435
275	22
147	401
212	812
511	24
120	351
429	313
125	85
127	684
139	973
185	237
315	75
176	121
317	712
531	233
377	323
69	334
188	564
258	445
263	103
479	742
637	303
305	353
612	22
828	199
68	940
420	74
78	813
482	434
438	613
105	29
282	354
217	983
590	355
193	71
850	763
151	323
251	76
515	509
206	356
209	88
218	266
232	356
389	236
461	237
248	113
524	357
113	357
287	443
124	357
413	230
124	118
767	762
237	269
240	515
631	246
536	148
472	259
15	358
856	165
179	370
487	826
162	188
125	347
190	976
22	179
574	195
62	721
68	484
66	360
528	134
402	75
2	76
673	146
852	600
68	901
372	935
370	74
46	144
449	361
931	86
506	72
75	362
148	124
87	687
89	362
90	121
5	192
299	9
466	201
640	140
179	968
554	497
350	363
333	141
262	364
934	265
82	267
641	266
244	185
177	262
900	342
688	393
475	11
330	863
698	333
326	630
337	232
195	365
148	517
150	540
152	211
181	315
861	60
982	456
193	282
835	214
908	755
323	876
136	118
336	849
124	333
303	341
349	220
248	33
280	519
923	510
486	200
229	20
244	22
30	369
809	377
39	89
44	524
54	798
191	605
444	369
259	18
686	293
560	356
305	370
525	161
79	97
18	1
724	213
414	897
367	227
125	239
457	244
918	289
188	264
63	450
864	24
90	187
666	848
83	522
124	372
566	196
289	373
802	453
248	964
304	787
305	373
161	373
315	148
0	20
9	298
17	374
20	765
845	22
786	23
24	233
181	476
188	269
336	189
196	114
163	200
206	148
215	22
807	376
283	251
132	218
368	100
573	676
532	376
432	37
474	139
142	1
844	797
245	551
56	369
51	558
260	837
186	756
113	259
72	341
829	440
193	984
137	752
907	108
24	737
26	379
20	83
124	438
47	225
457	379
922	64
615	80
303	380
469	219
79	83
442	978
50	113
376	195
946	742
874	337
741	581
133	971
283	346
22	184
911	698
904	124
768	203
403	163
166	93
176	83
220	617
779	180
179	148
180	232
182	738
642	137
949	226
25	706
390	692
210	295
301	211
231	307
162	309
535	109
387	952
63	126
180	142
361	260
353	846
624	385
157	946
367	211
216	916
960	818
378	44
113	0
317	737
124	386
792	896
600	682
733	387
99	14
300	379
822	131
944	332
357	472
495	243
66	308
186	646
434	27
127	79
208	216
418	388
21	478
264	17
682	479
377	17
807	344
596	128
123	389
625	205
240	340
124	968
651	140
276	330
111	295
11	35
818	867
738	877
585	762
595	3
333	189
115	358
250	739
344	50
517	0
99	392
776	31
370	26
604	796
666	392
360	392
85	393
57	323
315	507
127	567
351	424
931	393
89	87
242	926
330	181
333	761
402	416
76	342
44	394
346	394
945	418
98	62
75	513
287	697
28	395
112	230
89	74
36	601
710	257
142	124
180	396
245	75
188	396
724	196
525	167
201	100
685	326
524	758
384	4
54	303
345	397
196	113
593	218
846	225
42	118
232	398
561	236
536	898
134	420
394	461
0	152
863	808
678	92
8	138
11	142
276	11
676	166
167	75
491	885
131	596
915	179
181	215
344	480
772	273
830	890
982	401
390	245
44	151
277	326
906	140
514	330
50	692
337	527
390	402
196	344
357	179
116	259
224	933
62	403
426	677
74	0
83	911
90	252
820	702
276	609
630	132
394	301
304	7
309	497
552	640
836	315
316	405
841	785
328	372
971	405
320	405
278	24
134	274
264	685
266	964
162	269
659	302
151	283
284	855
87	809
20	984
645	171
23	407
449	407
688	148
878	19
778	705
539	19
802	905
798	408
422	15
421	408
126	888
162	390
408	992
703	164
179	809
801	59
76	891
755	182
1	679
4	373
913	251
414	410
813	445
960	23
686	899
42	150
152	18
460	161
301	71
179	166
472	0
670	403
774	717
232	259
219	223
740	829
344	259
260	412
264	396
668	413
56	331
69	6
583	99
82	140
644	413
282	83
312	414
0	315
316	142
578	671
382	336
232	457
344	898
157	113
119	415
746	41
97	340
511	505
153	401
699	136
42	166
997	231
341	727
345	416
346	416
68	354
643	587
319	141
294	417
269	893
502	183
79	927
287	417
844	170
232	57
322	980
996	95
857	652
986	934
21	208
27	542
882	409
393	419
399	89
96	806
581	99
254	419
176	161
251	849
532	636
702	257
674	101
44	802
396	722
244	113
480	87
44	732
659	70
57	416
463	125
126	528
456	127
179	422
450	192
199	422
211	96
213	910
253	86
232	560
422	792
2	270
444	437
14	19
129	254
191	583
310	433
410	784
298	550
394	716
95	424
242	274
399	17
404	499
235	43
408	48
481	746
53	124
55	425
864	795
112	10
136	798
445	426
147	267
148	576
277	621
152	703
98	570
430	143
23	427
773	627
25	261
26	449
469	416
780	787
475	629
897	21
232	316
124	317
488	416
325	428
985	180
420	330
382	126
694	623
406	345
357	244
362	448
236	750
650	976
470	780
472	436
148	633
151	134
124	496
411	440
47	558
638	50
689	113
57	431
75	431
975	76
244	180
703	390
646	242
142	420
1	151
474	18
22	631
342	406
744	26
511	325
924	163
608	433
158	541
301	292
312	643
113	994
124	898
490	261
127	150
132	159
544	133
213	88
177	250
149	175
75	921
514	206
185	26
186	698
196	152
235	495
56	500
139	436
164	724
148	436
149	826
152	469
184	197
457	275
861	2
301	206
425	962
378	367
440	315
364	88
457	368
369	153
487	113
190	717
186	438
384	354
902	150
811	365
490	439
340	297
248	147
250	439
127	439
77	281
660	648
315	356
420	431
855	91
446	353
340	118
173	258
210	636
524	441
849	102
814	548
289	161
6	290
188	527
696	442
191	27
196	275
995	367
211	442
215	344
327	443
333	244
470	23
419	443
353	563
253	443
129	443
333	232
81	118
710	559
342	71
876	353
40	425
476	23
203	445
212	335
284	733
434	698
295	584
678	494
259	50
759	150
346	15
956	348
5	202
68	446
367	1
344	74
425	447
899	9
51	447
145	16
150	121
156	310
162	0
626	24
457	758
800	268
270	598
300	328
352	168
754	988
245	317
634	39
14	155
516	924
178	265
179	446
730	964
474	446
731	255
26	167
1	699
251	826
175	715
3	387
0	501
23	5
871	801
862	451
407	226
415	24
136	451
420	11
626	764
855	443
573	768
406	747
795	452
218	23
229	453
22	142
993	453
333	148
90	150
151	35
436	152
647	454
990	957
179	17
545	370
169	192
196	776
953	454
893	244
93	455
249	455
486	455
133	455
179	68
278	275
108	25
114	238
152	124
306	143
147	497
676	349
151	606
179	457
180	457
185	457
521	186
188	915
189	457
824	410
28	987
142	797
142	18
462	148
485	149
332	336
995	712
593	435
438	662
144	504
981	343
262	256
81	83
473	8
386	590
394	75
514	397
402	758
489	135
431	460
331	93
609	22
431	370
226	104
485	455
457	187
458	672
218	114
162	493
314	24
178	462
127	462
180	1
641	384
26	24
154	2
680	143
911	189
785	218
17	480
125	177
23	730
162	167
170	39
314	179
26	200
638	168
0	584
3	287
83	312
635	465
84	5
196	189
406	192
215	517
230	604
643	54
14	680
277	661
421	466
913	514
122	123
389	697
206	467
106	223
461	74
649	925
181	467
100	607
237	96
940	935
692	181
337	124
473	165
862	468
315	468
819	94
74	469
414	281
93	672
661	469
113	469
119	228
71	487
149	470
151	461
978	437
504	764
159	136
25	160
161	147
138	348
400	422
24	896
25	695
26	560
695	27
106	471
143	24
148	898
143	999
150	92
278	962
152	472
161	35
541	195
367	969
248	163
251	316
259	461
385	660
302	299
528	200
225	907
218	20
214	474
78	24
574	138
264	232
885	256
651	439
264	309
956	912
258	228
142	375
522	155
520	166
429	444
575	295
449	941
845	493
903	476
633	776
306	477
324	156
324	477
330	87
333	390
339	417
895	616
436	478
491	478
460	87
185	472
495	478
474	619
475	478
761	315
842	49
739	154
391	924
6	997
305	375
416	633
189	480
206	480
289	57
427	726
225	520
883	284
24	222
168	23
323	551
345	722
145	774
275	356
289	109
378	245
440	25
223	55
877	482
401	382
232	181
552	482
242	844
469	513
472	345
108	483
474	483
495	160
476	568
0	846
708	711
8	152
455	99
73	75
803	484
656	0
89	609
953	700
115	463
5	485
8	445
714	677
134	461
554	283
330	859
5	312
850	465
333	113
338	620
44	124
125	3
411	359
474	249
914	417
177	60
458	96
771	27
0	460
169	63
240	73
181	567
688	942
909	25
671	326
146	243
474	153
975	5
130	610
477	489
508	59
386	965
647	629
63	654
206	74
180	378
753	114
206	181
97	487
123	666
22	431
326	436
604	471
531	109
284	443
23	281
457	681
125	86
472	766
777	740
908	350
328	519
613	564
46	123
375	493
943	549
738	864
402	918
405	829
507	406
109	737
140	494
148	432
815	749
150	494
151	87
757	112
161	732
89	620
94	495
916	102
482	655
791	340
887	125
645	473
354	835
39	331
134	89
98	64
435	108
12	842
23	496
38	497
166	497
315	177
435	497
209	472
76	133
863	185
912	318
590	23
892	189
118	993
529	475
477	73
485	498
274	211
424	58
624	645
127	97
166	50
572	33
450	401
11	159
124	500
128	500
131	500
475	217
140	500
88	143
472	394
281	441
474	30
578	501
486	653
491	16
599	265
127	518
0	142
225	458
380	290
543	0
240	913
894	502
196	874
197	25
710	0
362	866
640	465
702	103
752	618
726	75
95	504
293	104
512	113
4	124
125	504
760	157
416	316
755	210
29	285
899	287
763	429
639	438
272	505
367	89
370	113
779	34
390	38
140	2
19	506
681	898
491	243
294	493
494	507
2	507
447	219
17	488
53	267
367	11
544	408
0	527
852	54
382	4
384	84
394	1
398	295
271	805
306	165
251	83
320	509
322	556
606	331
71	30
384	510
206	394
396	89
401	510
752	78
406	322
79	937
239	644
945	451
526	125
248	175
555	530
611	385
977	512
812	308
955	512
298	512
24	428
437	682
926	183
333	108
110	481
113	179
835	114
609	513
128	108
140	23
87	514
278	805
426	624
113	514
124	514
125	203
513	970
154	515
140	217
719	64
384	166
181	0
187	515
189	275
26	416
419	535
350	426
300	843
435	147
436	448
813	443
247	99
476	248
259	517
975	549
22	274
276	517
257	190
55	604
159	518
59	131
164	276
561	107
167	663
175	114
371	9
22	654
23	556
228	24
316	960
564	26
27	125
2	283
73	94
83	643
928	301
448	520
329	520
342	450
185	606
646	521
297	97
275	50
737	276
159	521
232	874
13	762
540	462
336	5
50	357
146	178
346	74
342	356
57	344
386	523
793	237
735	493
244	276
833	252
266	131
415	616
269	560
551	420
285	562
628	694
160	701
457	524
164	525
457	148
641	251
464	23
347	42
670	45
581	25
574	425
101	526
109	526
917	374
643	2
467	989
22	591
309	508
311	748
921	315
258	592
737	152
729	213
330	527
131	5
981	95
714	434
28	880
71	528
148	514
905	797
124	545
284	899
473	529
370	333
463	704
544	540
713	760
113	379
921	269
220	530
919	22
777	519
241	121
255	149
86	531
430	531
812	688
436	47
158	998
440	740
307	27
786	443
78	644
280	532
572	220
576	257
113	829
125	532
11	227
93	128
971	800
148	187
151	180
153	533
765	533
658	579
517	152
520	68
337	534
527	534
207	298
571	1
593	474
388	535
204	819
724	244
288	535
330	0
18	151
748	368
11	269
434	317
19	36
421	768
144	37
24	536
148	537
126	149
726	537
807	160
669	371
167	180
415	537
324	538
411	538
89	472
614	538
589	474
601	538
261	347
830	655
130	80
791	441
409	216
246	818
89	930
620	147
333	50
339	617
458	414
199	680
160	601
71	10
89	722
8	831
185	129
235	433
193	5
114	595
18	448
967	75
230	695
401	170
528	194
255	647
476	86
269	74
339	906
425	125
677	124
534	467
208	637
6	543
877	15
980	183
90	544
663	68
928	285
113	885
116	711
604	407
131	544
299	167
149	33
806	0
982	238
179	545
30	533
181	275
42	7
146	539
606	18
108	225
752	524
131	200
326	788
498	150
289	151
152	10
139	159
305	547
892	547
707	163
206	189
458	520
388	548
399	151
406	238
390	44
88	422
568	597
409	491
416	113
902	21
441	549
141	129
133	27
52	577
424	468
559	550
190	473
474	641
475	968
476	550
930	63
897	225
377	461
269	148
467	524
682	469
472	22
20	214
650	778
345	633
346	461
75	958
720	552
369	715
263	257
259	185
335	27
377	788
269	276
747	462
10	45
436	225
156	440
47	68
457	115
460	152
853	464
301	445
443	555
131	414
467	555
599	195
875	931
474	132
315	327
319	325
326	822
329	326
866	142
355	352
192	860
503	335
664	553
263	745
593	470
472	237
473	130
375	557
279	557
892	96
62	194
174	93
395	914
87	225
999	88
567	700
54	324
467	266
269	553
58	386
348	115
281	653
7	309
425	999
77	251
955	855
431	74
808	566
457	560
18	461
974	494
805	419
25	998
457	50
333	457
477	713
253	125
560	562
0	114
1	687
175	817
720	767
22	39
23	31
493	563
524	89
497	563
227	563
633	170
517	196
79	563
770	69
204	986
513	315
514	564
525	609
527	269
534	564
232	565
473	233
235	23
429	565
22	637
23	77
259	124
152	26
866	161
838	905
169	679
474	175
180	519
185	566
564	567
566	567
0	567
1	567
8	814
625	115
16	94
494	641
997	166
439	408
561	568
448	305
457	898
460	603
185	823
72	82
77	192
200	458
206	215
769	358
232	143
96	148
524	113
722	711
81	664
282	127
895	570
96	242
275	732
773	571
337	68
357	889
359	24
461	131
634	712
204	261
831	530
305	124
48	22
317	140
421	543
40	987
452	22
783	93
30	249
734	830
219	437
603	248
677	577
529	228
534	50
251	681
683	929
548	509
944	755
556	118
226	49
978	582
391	290
60	575
84	386
583	261
402	164
148	196
755	66
891	87
88	576
740	516
52	523
67	475
317	113
460	872
360	870
101	784
230	489
659	110
549	462
327	457
75	525
153	691
134	377
557	13
493	472
956	473
666	479
80	535
905	247
348	327
501	316
900	307
7	556
640	239
174	60
29	875
179	315
557	580
869	302
542	183
506	6
890	511
591	672
772	381
431	525
524	50
527	113
931	32
105	582
628	325
113	582
668	272
31	894
705	379
373	167
375	806
136	954
882	94
380	583
388	505
23	47
181	35
139	185
186	159
682	621
196	22
459	697
202	154
169	238
187	408
555	190
201	585
960	43
855	85
637	540
982	71
87	844
122	98
477	111
750	234
369	114
174	815
474	47
724	245
297	249
51	256
439	54
280	922
63	427
217	588
310	583
636	586
2	588
279	519
19	99
20	494
199	781
915	100
992	498
113	669
450	589
847	799
126	589
519	590
105	723
55	106
423	268
429	296
884	327
438	274
414	470
92	543
81	833
919	630
681	18
915	467
473	24
307	522
777	748
612	696
378	162
163	118
289	996
176	126
427	528
331	593
264	307
833	873
692	337
342	593
524	232
307	155
366	594
936	518
279	157
175	84
22	898
990	262
817	331
53	427
954	126
127	739
435	472
42	312
732	396
147	596
782	151
680	286
721	160
590	293
288	736
401	225
50	232
748	12
524	692
89	75
290	83
110	762
139	108
434	25
464	111
42	470
807	298
911	333
826	124
74	787
597	734
470	0
368	555
938	18
118	255
370	22
740	334
793	497
50	480
57	237
287	58
124	476
61	172
145	72
24	348
72	637
838	794
87	925
0	89
350	485
113	966
22	602
339	600
922	602
877	144
113	517
999	388
28	299
315	87
319	10
322	4
107	125
841	924
809	603
142	603
578	333
74	124
79	488
96	438
884	959
778	451
272	65
524	275
536	457
776	545
759	549
551	346
366	580
725	605
318	286
470	267
142	606
242	147
148	606
546	548
566	152
96	436
233	287
467	22
460	315
543	607
175	806
949	607
276	281
22	124
23	320
121	608
25	262
55	756
933	728
593	79
596	149
218	192
0	609
1	609
8	610
333	275
448	40
87	469
102	610
104	558
579	804
774	820
787	136
763	855
3	234
715	53
693	238
124	564
466	617
587	316
784	411
438	472
456	641
346	378
212	119
473	612
565	702
97	24
113	613
629	217
474	159
124	613
182	24
18	134
34	25
184	285
152	333
14	47
50	614
56	834
154	187
124	654
125	49
124	615
132	817
142	615
23	441
936	882
7	23
102	76
477	334
90	616
605	516
285	17
505	616
227	155
142	461
808	564
151	22
158	611
506	608
52	558
113	161
589	309
315	618
181	402
66	850
219	125
627	391
875	51
565	447
603	153
126	619
478	247
139	619
12	22
309	109
127	882
416	0
301	486
4	620
985	323
114	131
918	26
555	386
981	682
140	261
31	2
148	185
337	188
448	211
457	357
342	114
457	87
23	853
468	124
974	472
527	480
330	623
50	309
553	758
602	558
617	623
769	80
423	432
75	665
161	148
588	127
988	116
125	241
190	404
872	245
63	356
34	73
33	111
213	595
517	687
525	44
858	331
338	93
41	368
81	916
497	331
370	452
354	54
738	574
457	679
131	236
931	387
197	288
338	147
61	650
565	843
626	625
148	495
510	765
564	467
152	337
217	261
932	357
358	212
367	134
370	57
349	650
244	613
316	776
596	630
338	969
317	722
613	181
595	614
628	523
0	630
918	681
207	86
112	236
305	362
309	712
315	436
258	631
323	793
553	513
334	632
213	411
786	669
356	22
357	185
89	633
161	633
75	633
124	633
963	633
642	538
132	93
63	647
331	435
375	634
378	634
21	241
401	164
406	83
423	635
433	168
140	533
194	25
598	163
706	154
64	171
225	435
440	247
604	652
24	115
156	19
472	312
473	636
410	637
44	416
422	25
286	327
545	472
485	810
281	301
353	211
701	638
302	953
359	94
166	128
357	370
307	202
959	24
365	580
694	670
326	11
329	639
131	639
331	639
575	640
286	576
588	170
605	222
665	315
602	404
717	171
533	114
408	462
135	595
441	651
609	237
457	315
133	327
632	908
469	633
404	376
247	642
248	4
612	767
22	62
493	864
87	206
88	477
169	673
149	643
847	343
140	154
56	186
288	934
406	691
314	81
87	408
92	897
25	94
670	586
420	513
725	433
24	645
481	761
435	5
551	134
141	205
166	83
689	276
282	124
149	7
227	648
124	316
214	982
216	647
227	274
238	126
810	258
97	470
323	134
209	655
51	648
546	35
772	648
808	759
674	499
781	523
152	654
344	113
93	649
38	649
370	649
373	649
390	649
573	421
122	118
457	921
761	994
108	547
845	476
460	384
879	311
369	620
917	903
852	939
630	56
424	257
637	241
741	320
401	494
416	396
588	107
459	9
453	84
457	289
646	603
92	840
608	392
882	939
392	624
878	628
633	317
518	662
743	431
717	374
338	698
465	241
955	28
221	160
665	6
435	309
490	90
795	389
626	655
402	655
929	426
562	827
100	656
113	656
147	114
25	856
118	23
124	656
627	307
87	35
642	657
24	656
179	654
655	931
83	334
159	84
380	658
113	20
352	658
121	658
124	224
683	838
401	406
880	811
544	804
895	955
50	227
872	861
174	927
239	592
244	317
250	113
252	518
253	104
789	577
444	660
373	188
326	375
385	661
795	965
363	298
200	63
24	661
674	675
857	201
827	721
57	662
847	965
554	458
990	428
420	399
194	398
921	124
963	467
84	663
487	663
315	196
114	684
322	169
283	664
382	664
333	181
336	664
289	685
402	22
6	82
892	142
100	188
438	375
317	380
521	453
488	907
71	83
549	2
81	97
651	657
89	685
93	669
433	334
47	496
10	667
179	99
764	347
502	667
0	912
36	668
775	164
108	166
490	563
179	75
311	181
182	668
410	537
690	720
64	365
34	423
611	425
106	143
843	669
747	403
245	420
434	610
771	670
836	153
275	517
457	330
247	21
731	81
438	671
714	311
342	384
259	671
179	780
84	672
914	172
436	672
96	672
358	182
874	911
459	574
698	124
907	128
840	673
884	576
727	673
152	330
791	315
587	340
291	794
583	739
22	994
776	124
566	39
493	152
507	83
15	586
432	88
347	571
124	546
181	162
64	869
945	676
822	533
168	706
372	51
545	654
916	316
564	344
25	629
22	2
338	121
517	124
549	707
869	442
539	140
316	126
267	651
185	125
60	68
132	186
316	888
188	26
394	147
131	397
399	44
367	679
242	508
936	243
420	679
920	366
719	680
336	238
337	215
345	11
983	356
265	522
175	111
950	706
315	681
564	185
984	176
135	216
206	390
711	179
9	599
767	682
681	259
489	27
715	266
315	493
825	442
162	402
238	322
988	683
242	0
301	5
345	134
21	36
214	834
514	367
517	22
836	76
60	522
805	164
102	154
124	685
5	663
394	134
810	197
11	151
151	397
510	436
396	469
401	455
402	87
757	413
343	454
965	686
813	426
431	687
337	808
438	113
439	608
442	85
682	448
409	16
903	493
237	289
247	19
431	480
632	757
824	6
289	689
11	689
27	187
22	689
194	939
24	839
101	212
734	690
22	152
322	23
24	690
25	150
2	92
330	4
282	853
288	3
508	835
300	862
312	691
22	624
511	433
867	522
703	692
527	692
545	73
402	553
563	948
564	692
22	23
150	849
59	693
709	60
102	0
89	259
216	2
178	62
439	121
613	681
785	872
580	694
577	694
639	248
678	322
879	351
687	685
271	998
382	0
1	483
6	695
982	826
305	134
73	695
475	614
113	696
447	696
19	478
754	617
592	957
903	260
361	710
685	362
367	167
267	283
436	484
740	494
439	374
496	76
600	22
498	261
118	134
992	265
244	268
266	375
275	17
567	215
290	490
586	296
310	23
838	471
365	615
958	399
17	326
668	78
341	478
534	921
545	20
205	701
57	850
560	276
400	88
567	189
305	679
315	816
316	282
667	135
323	634
448	948
185	188
113	703
0	493
22	118
313	100
124	703
281	785
426	516
153	152
626	704
32	704
472	639
658	268
633	346
859	460
23	108
580	705
921	113
360	652
559	576
622	410
134	108
665	872
554	18
21	706
22	233
421	26
24	572
25	178
771	179
514	344
524	609
152	484
274	527
586	482
535	158
587	888
356	708
357	708
24	358
323	775
373	708
375	147
111	63
854	924
801	108
285	280
335	709
54	145
390	685
227	96
334	262
229	93
231	409
200	244
108	19
515	780
650	621
263	228
79	314
187	82
676	105
677	3
792	432
274	712
501	23
375	712
748	902
323	712
399	671
326	712
577	713
315	494
571	713
638	324
259	337
191	272
752	740
708	553
709	695
712	151
0	714
1	342
453	7
221	15
262	278
545	315
546	626
93	715
177	252
97	136
588	316
428	197
735	473
443	736
437	617
135	364
96	547
142	716
93	488
737	493
152	874
83	664
454	376
5	159
467	124
760	718
503	807
945	683
25	740
424	417
978	718
925	524
118	494
977	719
394	17
779	475
419	473
381	719
373	431
27	70
668	183
729	45
288	182
161	51
605	720
205	125
22	681
545	22
735	400
601	303
920	795
854	239
707	721
269	770
90	97
430	34
665	16
540	209
232	189
163	681
621	723
323	227
412	723
354	322
88	839
2	320
421	723
148	545
58	371
720	184
74	164
307	498
690	473
514	724
972	976
73	725
316	7
79	322
868	83
27	475
89	126
498	77
303	155
153	333
514	823
521	134
731	480
529	24
579	204
416	420
90	727
194	118
824	727
75	11
216	727
390	469
167	1
132	169
551	170
641	455
189	22
709	728
752	745
114	436
196	115
215	724
119	729
802	474
572	98
156	23
535	221
545	681
235	730
164	315
259	153
619	753
162	527
149	731
167	731
587	731
178	248
180	26
185	87
722	732
0	289
1	732
704	541
8	734
251	23
22	234
339	612
448	458
440	221
368	51
222	702
228	143
215	244
185	229
14	221
235	734
87	242
798	556
841	3
473	880
356	0
392	356
370	148
85	719
148	654
317	716
603	338
426	736
106	736
113	422
124	107
704	125
620	846
214	174
209	135
176	868
259	181
610	138
196	161
206	402
917	717
737	4
477	738
1	87
2	693
223	559
465	216
401	354
492	299
76	739
155	665
97	354
673	595
498	739
124	475
443	86
547	329
266	474
558	569
280	773
237	563
50	567
26	225
439	549
440	741
16	256
457	741
673	741
69	741
296	742
631	31
373	166
649	167
904	652
333	669
672	461
342	5
102	301
461	50
94	947
968	356
26	357
180	743
457	744
991	824
461	227
687	744
472	744
773	745
67	133
919	326
627	67
333	745
795	110
344	237
620	619
779	401
514	189
952	856
695	670
530	746
672	703
205	350
717	746
314	973
960	155
83	192
87	966
331	237
113	460
96	966
74	75
198	949
496	651
133	121
356	124
624	376
114	132
54	943
242	186
334	475
145	749
292	721
510	472
724	22
321	429
368	58
716	276
717	466
722	113
27	241
675	750
166	751
648	123
219	138
678	2
225	751
801	751
232	26
716	196
947	704
691	83
737	124
597	10
701	268
224	740
237	753
152	753
266	603
846	96
271	537
281	316
238	23
165	476
508	527
904	195
499	254
493	480
86	46
366	754
296	755
435	148
10	997
598	120
445	129
127	759
450	322
856	24
524	333
453	461
529	756
220	429
535	756
306	10
684	937
1	188
3	419
14	160
317	17
22	93
714	757
38	91
179	758
493	560
534	460
974	186
959	552
297	200
681	499
312	528
297	83
432	700
858	11
323	89
715	84
976	315
210	327
686	67
159	69
150	124
857	98
432	319
330	467
930	469
472	124
473	541
1	474
677	101
789	542
190	762
976	762
772	762
489	777
301	200
624	389
113	493
644	400
179	356
507	97
20	336
22	881
574	763
24	505
984	715
788	431
111	127
87	689
692	124
695	124
683	109
473	550
353	827
564	215
461	892
567	514
825	374
299	604
738	24
22	766
23	766
24	235
314	834
33	766
627	72
493	148
972	494
517	500
506	121
511	434
85	767
361	257
723	768
983	241
870	746
581	536
105	768
565	768
196	687
287	298
568	942
511	413
371	977
202	316
174	769
324	62
612	903
587	292
96	858
229	639
620	132
378	770
649	770
206	162
802	84
324	204
851	19
493	457
858	305
442	410
50	189
271	616
309	266
315	472
167	484
317	148
670	546
724	344
560	744
659	239
920	89
211	264
457	161
568	24
594	300
15	774
732	988
426	254
635	738
136	739
913	23
781	291
662	305
88	45
679	775
455	973
689	356
71	691
408	140
76	88
326	322
455	126
27	364
457	613
499	742
456	485
207	33
586	239
82	494
352	495
584	94
751	497
990	103
257	492
467	770
240	99
899	125
222	778
568	55
663	382
668	644
681	113
41	898
581	779
625	66
972	491
304	498
847	52
8	210
786	796
518	316
524	185
876	954
300	116
330	333
886	781
338	554
349	811
356	921
357	196
966	402
1	633
316	643
44	649
1	237
671	782
681	737
605	423
619	783
630	783
634	305
646	229
654	399
489	670
928	39
456	53
317	394
322	20
76	405
913	111
117	316
558	785
451	444
393	110
632	363
475	581
153	593
589	606
732	87
573	837
183	728
166	441
179	136
851	178
543	789
400	209
970	1
684	409
7	427
373	420
737	598
853	102
15	878
671	788
420	788
919	788
430	529
435	94
897	473
473	688
83	336
613	50
691	450
637	48
49	786
119	15
575	440
177	155
38	89
399	790
692	460
124	790
125	599
221	495
901	369
168	601
2	791
735	144
384	791
293	920
545	344
363	929
113	462
189	560
566	656
24	949
932	472
259	26
662	793
269	0
275	613
271	288
297	149
375	793
59	794
14	934
949	895
77	62
569	254
81	821
198	172
26	38
644	10
484	453
213	475
613	493
926	25
507	312
115	908
116	796
903	754
122	946
879	124
327	125
242	142
151	797
845	405
413	239
161	689
162	237
169	97
170	797
622	579
588	798
369	765
818	638
281	370
376	313
189	613
175	510
482	37
190	799
367	17
374	799
928	799
287	383
506	0
513	317
932	152
17	215
927	571
524	124
516	640
330	196
473	205
662	108
156	208
743	420
484	801
364	334
508	458
99	608
360	733
39	681
235	522
179	524
47	248
948	803
305	803
499	735
267	316
967	317
407	318
325	27
677	253
398	804
270	410
406	450
419	286
622	804
439	804
285	103
185	232
448	188
206	517
84	0
234	561
515	707
107	419
206	806
472	654
155	48
90	179
343	623
131	448
398	168
888	22
678	81
814	43
573	481
89	807
87	632
321	472
609	17
737	91
738	894
74	493
24	947
541	311
394	18
215	809
708	469
58	786
527	161
245	809
215	413
35	18
762	988
562	356
748	203
637	600
45	810
69	924
381	811
361	811
474	22
180	868
546	877
187	490
740	240
107	286
438	25
605	489
460	23
469	26
64	472
473	350
434	950
626	813
435	151
24	927
23	462
219	645
207	813
344	244
777	349
148	356
19	433
370	96
556	909
25	119
222	278
551	654
395	815
665	224
920	933
362	38
654	613
985	134
664	816
462	316
469	816
449	472
473	485
474	816
111	315
669	929
79	817
114	84
89	746
292	92
967	330
353	93
633	18
654	188
447	95
270	665
797	671
38	1
998	819
25	819
123	371
377	56
122	385
400	191
30	384
493	124
279	831
22	874
517	50
518	232
811	795
501	360
493	179
501	77
203	103
817	591
516	27
527	402
126	821
741	991
136	888
500	139
850	236
154	441
179	128
181	790
179	551
84	823
578	11
886	124
613	18
605	823
215	514
121	72
853	152
48	174
104	688
891	30
28	204
824	243
226	825
998	825
0	825
478	281
630	128
972	72
305	68
30	715
722	75
309	803
725	491
640	720
192	730
906	696
174	14
214	470
523	291
463	473
142	377
305	151
754	0
561	828
566	124
18	316
288	828
325	828
613	152
590	481
125	764
23	439
21	829
873	467
87	186
6	72
790	930
950	475
22	830
612	286
215	26
349	745
221	601
73	516
256	829
942	830
699	651
522	627
776	831
131	22
544	23
329	458
71	336
340	959
68	131
844	338
661	223
498	357
382	446
628	999
96	397
398	833
403	833
590	585
634	89
747	265
581	749
465	771
127	834
119	35
158	122
496	647
113	227
458	578
460	162
816	132
905	835
255	681
97	865
87	161
305	96
113	743
510	817
179	124
787	470
126	836
114	708
798	23
808	1
809	837
810	298
77	333
339	468
480	689
157	577
971	678
435	681
52	319
163	102
292	684
113	472
473	839
803	438
146	538
476	839
477	465
478	224
405	783
306	433
0	406
319	840
685	874
473	840
346	1
179	480
91	437
292	439
512	442
138	883
197	841
829	910
734	810
144	842
311	383
187	747
710	120
197	741
742	842
371	906
566	22
22	737
260	952
273	613
573	843
94	270
237	346
316	217
323	844
326	353
333	356
6	187
718	417
999	615
672	229
479	418
142	679
448	164
453	59
15	845
831	516
560	467
817	456
566	846
663	593
479	914
730	603
772	363
19	290
89	925
801	131
401	301
259	110
70	598
104	799
385	459
978	848
790	977
356	170
185	517
133	316
866	166
632	311
800	441
244	849
56	816
341	162
87	420
40	492
159	59
493	681
273	355
496	540
625	512
165	695
615	597
617	395
337	75
473	626
854	230
54	114
851	862
161	378
233	271
174	629
176	5
559	52
337	185
133	187
758	317
761	782
202	787
864	777
823	467
691	826
118	853
34	854
493	192
550	106
335	854
428	839
588	721
612	519
457	23
173	182
255	975
98	855
560	242
185	874
496	804
383	879
445	856
591	349
226	220
737	682
894	37
71	93
113	403
80	857
473	348
356	567
181	244
125	857
619	446
464	140
189	716
671	858
692	189
524	196
871	113
205	286
65	123
252	53
776	932
780	549
785	413
179	788
282	20
388	138
177	926
464	203
134	128
951	400
68	860
132	446
972	728
438	309
415	259
251	456
399	225
299	887
122	459
279	862
635	771
79	973
125	961
821	314
833	587
147	844
162	863
409	183
687	863
692	863
191	709
560	330
719	492
325	22
566	57
738	15
595	34
740	511
364	465
85	742
801	249
803	148
332	949
727	303
809	967
611	24
982	664
708	930
621	293
790	460
305	866
944	704
715	129
340	5
721	23
44	0
729	725
731	867
322	312
252	176
739	316
629	19
629	341
457	124
866	464
472	24
377	5
474	84
472	60
473	113
664	693
495	359
480	124
473	580
336	126
388	870
505	247
212	258
234	8
101	572
113	567
951	912
751	22
453	383
26	457
458	871
472	361
912	236
352	224
178	121
179	503
181	968
806	189
569	607
193	83
184	430
521	753
406	461
57	687
693	873
538	160
737	315
82	177
262	643
701	174
5	81
709	665
503	870
410	459
829	28
162	215
132	969
359	165
403	304
729	48
397	317
935	116
141	23
76	23
578	876
858	438
859	649
446	876
938	866
803	893
567	534
707	114
554	271
595	575
620	662
101	306
173	387
775	633
344	776
488	783
112	69
790	23
728	16
42	132
43	178
832	25
589	831
181	460
227	630
211	148
62	934
88	909
449	201
139	970
67	88
586	428
644	99
453	973
402	457
405	111
662	39
472	305
473	881
119	437
309	793
582	895
858	940
615	631
522	714
59	128
573	655
526	883
651	77
680	883
681	399
124	338
685	38
689	472
823	179
958	264
829	262
374	884
614	840
844	775
84	484
588	885
601	19
180	609
99	885
358	112
614	885
24	792
604	886
662	383
249	663
352	665
628	670
469	161
452	886
854	845
797	858
47	860
866	448
240	749
80	112
875	887
0	613
113	592
421	343
179	888
169	822
388	15
81	888
394	420
249	889
874	514
877	991
0	510
1	344
536	787
1	375
158	129
841	890
28	887
23	214
208	890
205	565
873	891
420	687
206	435
139	446
446	646
249	453
609	438
572	17
301	868
595	665
609	57
689	613
570	429
553	74
608	673
757	417
656	682
460	17
685	18
111	993
689	893
746	842
582	181
184	628
93	319
189	894
808	276
249	192
703	370
820	711
251	715
133	721
404	895
946	895
698	620
909	896
809	261
817	283
828	592
109	586
856	130
425	471
632	80
523	296
564	206
84	806
808	269
809	402
333	816
47	4
178	148
57	898
387	66
75	242
79	5
414	320
728	379
373	758
316	729
188	378
387	899
85	899
533	676
612	900
152	189
932	113
246	197
863	189
315	716
200	450
251	337
711	347
923	314
4	901
396	275
822	114
378	551
30	102
148	705
385	652
388	246
390	179
394	416
354	544
809	124
426	505
167	152
18	484
532	426
806	56
427	81
815	799
687	397
688	904
794	542
868	238
128	131
708	35
121	265
55	611
127	297
131	905
132	905
69	36
364	143
404	690
70	843
517	737
225	338
259	524
527	189
234	473
775	167
776	907
23	4
1	782
790	390
801	907
431	809
289	687
244	0
8	908
301	634
54	403
944	318
398	11
51	564
83	919
863	22
500	995
264	215
67	683
438	510
524	0
14	204
808	534
193	166
579	405
99	910
25	910
108	672
598	66
113	911
490	549
568	120
61	122
124	188
602	417
631	912
743	609
613	357
235	82
936	709
630	871
275	344
534	276
282	11
287	774
534	57
446	478
315	466
134	643
242	111
223	914
27	845
880	914
963	663
811	19
758	164
899	764
907	905
507	193
840	216
316	154
18	44
740	433
198	448
302	601
215	896
227	20
279	381
234	107
219	917
940	225
744	22
229	108
232	124
568	236
26	244
493	918
427	238
4	435
460	57
207	61
865	65
24	631
438	448
170	919
95	55
118	303
87	65
100	772
72	125
749	462
13	328
773	702
271	535
86	286
89	235
411	235
919	108
405	344
421	978
550	737
436	458
786	530
890	25
133	496
666	922
677	922
865	767
835	379
135	683
89	448
188	808
496	923
123	848
160	627
185	216
217	2
251	923
231	739
470	31
18	139
24	924
128	87
865	51
81	266
398	340
399	513
402	925
414	154
859	925
943	434
660	203
952	400
260	424
992	324
432	926
433	552
860	114
441	2
569	927
196	689
682	659
685	106
362	164
511	112
703	22
736	526
647	27
861	784
933	310
315	974
317	801
319	88
822	446
447	929
382	168
269	457
147	817
764	286
470	102
678	507
357	259
98	917
350	628
50	899
900	302
57	915
775	657
638	88
732	317
183	841
211	282
756	931
284	512
741	67
74	966
75	685
87	932
89	180
91	573
93	607
6	933
57	681
923	126
132	715
137	14
138	827
139	180
122	418
211	698
721	934
116	991
113	725
727	934
733	3
309	11
281	975
646	703
837	935
424	935
727	601
745	839
851	592
608	936
770	22
216	290
896	503
176	485
896	183
395	886
525	788
613	545
124	540
993	739
941	178
11	547
898	179
553	264
16	177
918	525
921	938
922	113
930	938
134	589
216	673
515	653
133	939
234	135
236	636
873	450
431	823
23	826
953	351
839	392
178	840
783	244
483	940
763	171
137	380
370	941
476	212
355	618
965	98
983	440
222	315
607	942
266	114
213	784
732	35
736	769
39	488
442	277
354	193
269	309
146	145
639	474
23	681
391	943
232	215
2	345
4	151
5	800
95	944
738	17
22	745
298	570
15	616
201	718
9	479
8	286
795	945
532	18
264	242
207	612
798	613
638	178
599	392
147	39
654	578
173	947
837	777
89	189
760	190
116	459
133	102
212	947
17	22
961	702
233	959
692	244
970	245
259	948
345	196
23	641
748	831
587	518
654	761
655	854
75	438
349	514
363	124
22	460
23	678
8	284
25	950
26	613
27	740
399	57
851	135
69	99
667	415
51	28
427	200
430	951
24	952
24	173
229	940
720	23
101	952
424	299
4	817
20	283
548	681
441	562
341	90
117	98
646	474
539	600
378	249
295	231
125	843
267	780
399	245
292	739
297	954
112	955
264	113
29	594
124	980
125	429
24	769
599	955
474	134
531	956
251	486
550	234
563	96
965	95
565	22
454	260
544	297
276	232
95	807
959	594
821	20
645	810
312	641
315	22
147	225
345	958
346	958
357	32
759	996
184	957
643	192
186	907
291	402
921	179
246	959
948	56
859	215
357	526
375	520
754	372
346	377
637	622
390	148
0	961
325	182
694	961
17	232
19	749
145	25
23	961
426	41
778	157
147	436
453	450
7	832
475	99
467	378
891	126
577	914
539	6
899	963
325	897
323	963
18	963
493	761
494	295
60	27
717	58
457	273
498	132
650	820
486	42
632	319
859	493
126	7
415	27
310	241
480	196
305	170
44	966
316	766
317	782
994	472
319	400
987	122
23	227
461	397
467	613
469	967
684	315
472	139
66	865
778	981
185	968
448	227
284	550
457	968
458	309
244	467
458	969
472	269
4	474
244	567
57	995
484	969
6	709
131	898
142	663
695	60
81	494
964	84
968	932
275	206
111	971
194	121
883	870
124	36
39	134
707	971
375	5
836	528
911	457
468	62
545	932
933	972
495	364
935	124
937	737
711	763
76	59
302	351
454	682
418	742
232	743
898	974
0	899
204	97
516	259
412	623
921	974
267	622
566	517
145	916
691	589
603	821
607	28
2	975
180	533
609	480
403	495
870	143
469	915
113	918
483	461
565	355
215	87
218	127
226	977
257	794
244	911
547	646
130	387
235	804
596	329
480	859
817	59
821	450
845	341
852	216
610	236
244	979
697	181
259	979
276	74
264	131
263	355
24	66
922	277
199	980
654	0
932	767
41	219
614	352
252	133
887	710
84	730
473	944
738	23
818	268
46	371
737	472
953	41
414	391
243	265
741	304
742	277
743	26
29	107
730	905
907	59
524	315
232	460
916	267
4	238
337	863
401	984
591	984
687	35
293	124
137	177
893	333
196	0
654	344
685	985
597	207
282	534
703	925
255	985
18	11
708	87
21	997
86	805
23	986
217	127
803	275
267	638
418	987
234	946
102	23
289	458
847	205
475	320
936	491
44	689
503	23
507	509
931	107
513	988
774	705
133	989
108	22
752	439
84	989
683	273
22	989
739	989
80	409
351	468
71	149
87	886
460	18
250	14
119	990
0	554
561	991
270	575
299	908
323	460
581	163
603	5
457	196
22	461
472	17
498	464
480	724
800	486
493	333
184	872
715	185
87	196
288	208
174	226
326	382
238	97
911	744
385	742
921	994
922	95
923	674
101	789
17	930
126	84
941	363
541	505
826	641
315	814
533	266
633	11
966	996
35	996
460	996
323	367
462	403
846	458
470	384
300	347
304	441
881	308
309	416
764	158
986	54
318	28
917	103
529	680
536	204
224	584
149	937
236	998
444	847
692	269
391	999
1	57
617	683
684	587
472	856
618	978
