286	9
691	132
370	0
264	1
602	148
202	556
234	125
127	124
170	606
248	765
28	875
609	373
428	626
94	334
398	629
822	93
372	196
4	5
4	964
252	4
453	4
4	834
487	5
5	524
501	780
835	5
312	136
89	488
603	31
6	667
308	8
8	130
485	229
175	202
289	560
10	178
934	840
1	554
2	408
73	27
823	898
353	448
327	9
11	17
657	155
379	789
685	996
48	2
3	101
4	510
49	172
0	17
164	17
518	169
186	214
455	4
59	664
315	809
180	18
0	18
776	1
2	54
700	465
4	889
535	942
59	19
77	2
473	3
183	771
444	273
25	6
420	1
111	658
4	20
5	354
11	461
282	126
170	18
69	262
510	248
180	0
1	11
463	754
3	755
260	978
8	22
10	423
938	11
17	396
698	18
0	22
1	326
17	124
18	634
59	214
200	251
403	23
894	92
2	23
699	885
22	921
706	933
769	46
913	818
75	457
969	186
866	11
65	656
148	19
626	173
60	25
24	561
515	23
494	26
126	153
22	915
420	264
24	288
423	667
0	26
21	27
22	27
952	125
24	750
25	27
26	139
536	130
167	17
390	289
413	771
869	28
243	25
171	678
27	890
180	11
14	156
17	281
551	18
911	344
653	540
24	518
882	468
907	458
2	304
636	814
26	761
447	27
997	622
26	995
749	11
440	67
703	206
202	102
181	50
601	539
0	275
582	827
881	158
9	32
263	451
87	467
32	695
7	33
11	551
17	431
277	107
23	33
138	24
334	118
119	832
119	319
170	578
758	74
183	34
24	148
387	764
32	574
83	770
890	23
343	827
336	114
242	26
990	27
15	130
618	259
318	962
23	36
477	819
871	93
528	438
529	23
741	6
411	11
74	242
25	37
47	356
413	27
0	96
342	27
11	113
937	20
5	836
0	38
24	339
33	450
75	39
38	151
145	0
1	39
4	59
675	961
265	33
991	184
35	89
189	685
193	20
101	550
474	367
962	207
743	237
599	425
494	2
812	814
594	273
120	280
133	540
33	42
5	453
345	527
524	1
553	50
17	469
38	167
92	0
1	461
2	496
721	90
933	584
23	43
17	44
553	44
50	188
516	21
18	276
19	146
422	143
682	617
902	324
832	45
25	45
161	685
27	972
28	624
18	89
22	494
23	295
504	46
502	25
326	866
616	24
532	624
332	597
22	337
230	725
977	335
571	70
142	809
18	679
927	530
23	414
98	977
851	25
731	267
491	824
757	615
302	407
551	712
823	259
322	22
628	316
28	962
44	50
0	50
390	11
732	237
591	329
145	77
22	50
26	50
995	1
109	674
18	377
22	51
174	145
776	472
396	938
98	195
192	593
0	65
0	87
4	693
489	472
611	535
1	89
5	591
989	2
916	53
22	53
729	191
0	520
290	411
356	166
375	93
857	568
614	27
58	147
509	148
448	186
866	39
50	356
586	951
315	1
570	383
469	898
703	44
47	56
130	555
932	148
633	44
189	148
18	57
68	151
356	57
24	681
962	125
26	57
436	435
496	308
22	493
583	23
597	24
750	115
179	26
178	490
722	44
53	79
56	59
0	59
648	189
22	309
23	59
44	609
471	117
664	218
20	453
269	22
23	243
258	24
22	381
495	475
24	61
598	61
26	493
404	492
17	12
221	642
112	546
756	999
998	3
26	113
588	320
351	28
531	125
59	63
259	0
1	416
458	63
22	992
23	202
515	62
22	685
212	700
24	307
302	64
11	26
585	582
248	59
266	314
983	579
464	5
108	75
11	918
565	12
113	76
635	23
50	164
101	66
60	21
64	122
205	733
859	50
491	69
983	601
0	242
910	728
232	654
782	180
736	24
20	30
129	908
24	40
406	641
44	420
54	747
737	38
167	18
45	69
48	440
439	69
144	847
491	63
109	271
18	866
251	954
146	22
284	981
24	98
412	70
5	71
268	134
22	71
341	878
306	24
217	398
467	26
208	72
47	23
784	72
282	5
42	77
943	72
23	72
788	0
358	8
655	158
403	90
23	638
112	24
25	73
669	392
50	493
336	384
57	703
898	0
17	74
18	74
203	527
561	792
199	24
22	25
201	122
729	27
950	861
35	469
557	70
50	850
514	394
73	894
68	329
225	1
783	186
74	35
75	124
0	77
978	772
90	137
17	685
57	179
878	78
64	195
345	75
993	76
723	763
270	475
461	793
312	79
292	804
621	451
826	79
182	561
71	79
50	883
358	80
21	600
1	874
699	130
559	287
23	676
617	865
79	81
701	535
96	1
11	124
22	852
23	81
592	15
899	28
23	42
24	183
25	364
705	781
27	82
44	517
50	11
918	940
5	83
518	97
18	50
231	391
274	39
51	385
596	84
57	808
54	622
59	30
63	84
842	760
23	324
24	319
311	85
730	438
828	246
886	28
748	22
169	23
24	430
566	330
361	371
45	992
148	472
22	87
56	87
223	365
25	99
26	87
139	687
64	471
277	946
23	74
24	88
25	88
26	206
27	670
757	88
42	136
44	89
54	579
879	28
53	77
859	57
297	589
508	139
241	6
377	11
22	90
964	229
655	24
737	89
508	180
453	89
790	289
11	305
998	15
540	14
487	193
345	649
193	715
0	185
38	416
462	92
235	471
23	975
244	89
133	867
22	333
23	149
613	333
238	47
26	356
994	498
75	399
79	787
675	726
415	67
0	593
2	464
634	858
206	57
102	229
255	150
467	0
295	90
386	542
839	430
913	140
674	3
359	433
75	206
305	22
405	268
20	126
22	97
23	97
99	16
506	25
26	124
861	27
332	796
254	98
58	530
59	114
63	53
126	179
544	653
129	830
84	336
89	164
318	479
701	36
772	945
118	99
255	102
803	139
89	269
31	90
121	324
666	224
452	773
336	127
484	497
431	689
802	873
11	527
17	525
278	148
554	96
773	51
83	102
448	87
27	840
781	52
643	102
794	650
149	251
93	663
111	747
845	896
1	227
699	2
475	861
611	449
107	15
368	429
289	74
259	22
630	533
974	613
0	310
22	68
476	473
193	127
315	254
718	105
66	106
320	54
101	106
886	371
1	134
653	2
135	741
987	389
941	22
606	782
24	107
327	25
830	107
352	391
478	721
59	108
319	64
68	108
227	892
96	323
2	102
48	867
1	599
79	528
7	759
25	16
743	289
258	246
20	641
960	137
23	653
24	850
25	334
91	110
230	27
23	111
436	563
40	869
108	438
769	111
535	272
568	228
109	112
8	254
11	901
472	591
189	739
686	875
23	420
17	323
18	782
295	133
22	113
534	237
720	325
25	241
121	268
731	23
26	24
192	25
26	915
622	27
904	28
834	149
169	33
36	25
738	733
946	659
4	715
473	115
237	930
676	116
229	84
491	94
67	27
387	574
27	667
95	117
222	117
218	71
113	724
621	347
104	903
464	62
82	99
114	74
76	118
739	77
408	118
928	499
113	188
844	317
69	0
539	642
204	156
411	25
825	300
5	693
201	203
88	258
89	17
96	162
104	120
756	112
357	0
778	226
832	27
320	31
961	381
38	317
43	121
939	121
474	345
365	122
72	25
128	514
759	267
315	26
76	281
433	104
319	212
585	144
838	820
105	157
892	274
578	249
859	87
88	511
84	192
292	939
502	605
113	124
119	422
526	106
305	844
0	186
849	149
2	818
267	33
20	142
107	3
473	537
706	308
0	396
817	494
390	35
17	970
221	81
583	983
938	113
333	1
353	888
309	751
22	509
68	114
735	115
124	225
125	884
126	128
427	127
0	128
20	834
99	796
549	23
24	951
25	67
124	115
700	972
124	185
714	339
126	192
61	40
146	882
513	17
502	27
0	724
889	131
860	131
132	148
11	970
490	515
967	17
487	336
232	370
198	666
2	163
4	132
240	804
289	431
18	891
22	74
23	852
751	93
447	226
22	26
27	135
209	668
382	646
457	460
812	526
50	124
51	602
59	619
34	135
301	126
124	460
547	170
0	135
939	262
356	467
11	136
17	390
22	67
23	136
118	627
310	25
26	377
627	137
17	372
18	245
23	268
24	317
25	365
915	566
92	63
966	38
76	515
49	46
152	457
118	464
757	119
680	112
103	105
215	242
124	395
822	139
985	317
718	594
255	202
115	327
329	113
108	142
119	230
869	392
651	509
262	34
121	231
259	737
50	472
173	141
52	273
185	57
50	844
378	142
23	449
101	928
712	142
317	142
529	212
304	118
121	747
109	143
129	726
71	126
23	250
814	686
108	89
152	116
186	139
952	138
131	521
492	171
937	518
402	50
202	136
24	272
215	979
35	159
283	108
124	264
753	75
72	48
75	397
78	319
82	146
353	662
706	991
268	14
18	225
22	15
23	303
384	176
25	741
407	348
101	125
127	81
134	148
215	148
0	148
1	44
479	820
31	149
33	304
36	614
211	1
44	22
765	47
789	478
83	589
102	150
106	419
439	111
133	509
315	124
625	125
63	97
738	445
401	114
569	41
124	151
753	147
329	139
608	177
87	152
89	330
171	523
579	2
696	109
356	152
35	925
39	153
103	412
44	317
50	1
7	506
68	153
281	154
16	154
22	181
23	154
24	894
25	957
26	154
25	536
143	209
713	125
986	155
81	63
508	142
553	35
898	6
269	469
20	730
43	90
739	23
221	423
25	156
294	656
566	0
73	980
153	59
220	655
316	23
1	128
99	391
296	898
124	681
551	17
139	520
677	572
141	158
456	124
229	159
96	357
163	186
608	48
50	654
491	334
403	281
84	179
913	160
89	435
90	23
311	122
738	113
762	697
390	161
146	310
337	50
148	113
149	450
89	161
923	73
84	176
876	20
255	699
879	442
116	682
725	6
675	3
137	156
584	235
23	163
635	34
346	229
837	35
551	671
149	69
152	681
26	164
578	394
289	75
22	722
48	265
134	373
138	165
276	148
186	405
152	513
331	483
816	166
114	166
324	391
137	48
630	166
147	166
148	222
125	459
87	167
253	318
174	99
67	495
285	661
416	167
450	238
943	204
148	168
699	168
194	168
134	161
535	740
206	689
684	169
8	125
400	233
432	454
2	292
22	256
108	329
480	26
738	112
56	7
124	170
131	102
846	113
488	134
24	537
679	578
144	529
151	142
425	287
404	171
60	656
74	513
389	172
89	553
898	315
833	699
693	248
880	773
57	486
59	905
650	767
136	316
43	62
552	864
357	17
170	87
36	174
96	164
831	987
111	544
77	993
189	185
4	175
0	911
11	175
293	22
897	25
821	849
108	20
112	270
518	176
497	132
729	980
507	176
679	671
647	155
99	177
21	82
605	878
118	316
124	437
125	66
160	178
56	166
169	453
94	178
175	382
0	124
2	118
44	26
208	850
628	736
472	179
51	15
354	52
57	716
790	514
170	329
89	893
85	124
947	358
72	307
74	583
727	243
124	181
125	55
501	127
581	181
152	181
148	181
143	182
442	697
993	149
39	963
615	956
932	26
277	253
169	102
276	17
366	117
147	554
148	22
73	191
414	187
17	75
78	184
34	434
218	47
381	125
802	126
136	494
839	767
179	185
368	621
5	802
22	185
23	252
201	24
76	50
906	319
39	151
11	132
290	307
78	27
81	982
194	187
736	182
905	20
722	775
607	15
649	22
618	656
152	188
161	188
163	261
338	166
357	545
179	188
181	188
69	135
902	92
87	189
474	384
103	98
186	108
113	189
151	438
488	38
386	407
280	110
585	754
805	9
22	190
166	619
167	39
22	170
179	333
628	15
652	417
35	525
361	862
384	739
74	375
901	93
155	36
159	114
645	625
179	911
181	564
188	189
906	125
740	5
91	929
89	206
841	36
791	71
921	148
777	843
199	503
179	467
141	792
957	851
50	152
854	156
38	161
881	195
970	167
179	345
26	948
761	196
260	372
127	149
132	128
623	466
162	196
604	543
900	171
951	561
59	22
704	208
77	494
81	102
16	657
953	198
446	24
58	660
904	198
186	331
28	198
469	480
109	199
37	552
657	670
805	125
423	126
224	706
207	574
947	179
53	200
969	329
71	200
72	168
586	306
688	158
523	842
234	106
969	108
698	331
880	504
246	430
94	99
63	83
87	716
96	202
274	797
675	101
131	108
860	128
153	333
276	460
901	59
113	152
324	707
935	203
921	524
194	204
520	331
285	198
202	81
682	941
681	0
545	0
232	915
81	7
11	446
552	141
113	3
98	389
83	891
89	227
101	32
164	227
113	457
124	206
125	426
726	125
985	377
93	0
98	371
767	778
902	77
106	631
651	588
138	830
0	801
11	74
666	838
23	240
24	546
17	161
776	22
23	535
24	209
757	209
26	181
586	27
577	449
271	645
26	89
137	204
318	210
472	26
733	122
819	290
25	829
20	474
12	569
14	638
22	761
23	211
81	142
645	870
434	183
57	87
809	396
92	398
38	289
30	342
289	215
950	213
585	521
711	542
215	56
578	59
602	875
11	770
148	214
151	378
77	214
155	174
777	321
196	996
77	496
796	104
560	215
293	796
209	828
742	171
73	69
506	936
393	3
810	616
388	80
584	99
27	642
363	23
359	69
844	75
148	125
53	150
229	153
159	248
214	964
125	572
149	218
879	117
145	736
709	851
166	646
840	23
492	172
179	808
180	958
104	123
91	618
83	23
131	693
683	409
816	139
922	471
124	976
215	467
114	113
78	503
867	221
157	332
48	23
275	337
467	514
82	741
527	50
95	580
826	4
75	420
703	188
401	297
359	25
313	315
82	832
379	437
486	102
107	223
242	108
123	28
658	208
889	218
642	19
1	722
644	594
713	291
18	346
162	87
830	225
935	220
26	17
179	994
556	498
128	801
124	42
383	3
139	225
148	613
954	593
113	566
140	441
873	836
146	261
548	733
503	482
844	227
887	532
134	227
955	228
308	228
887	558
210	856
916	251
546	228
191	872
446	500
79	90
382	229
783	131
89	22
113	712
124	229
179	893
605	230
282	47
779	642
571	263
125	366
15	230
250	522
62	168
84	150
272	181
653	769
834	83
140	92
136	89
109	125
738	141
289	142
148	232
155	629
653	240
564	152
356	185
308	952
346	148
183	784
207	443
668	233
50	390
171	811
27	472
115	805
681	179
181	234
7	916
0	179
2	235
6	235
591	973
16	575
25	400
124	837
148	30
883	236
521	765
19	475
50	370
232	206
264	925
475	506
733	135
148	237
527	237
894	700
979	189
161	237
206	269
211	20
24	25
56	446
548	473
790	227
868	779
162	57
319	239
534	181
182	239
230	239
189	344
160	440
168	240
997	174
40	946
348	205
307	208
907	181
121	240
94	410
285	711
161	416
162	26
163	255
884	610
16	595
441	403
858	242
148	275
486	427
534	356
139	242
177	600
588	540
772	172
17	938
694	541
244	472
124	370
438	484
153	142
94	135
406	800
17	57
26	151
162	244
789	897
227	245
906	610
237	525
62	240
113	242
749	243
50	126
492	51
980	124
534	560
726	899
4	79
84	218
293	91
78	636
867	247
24	410
25	256
243	380
27	247
442	499
124	248
126	591
370	915
211	166
893	148
0	161
355	46
548	24
563	860
218	249
247	221
227	436
246	143
11	44
170	416
714	652
154	250
163	250
113	1
446	166
397	770
131	520
226	922
103	815
153	448
161	399
163	169
109	785
47	59
134	142
62	252
815	102
543	466
979	113
356	244
11	397
71	23
337	356
74	1
82	98
85	298
417	569
35	17
689	17
44	38
47	591
486	340
152	57
960	804
628	143
241	247
2	518
304	255
297	248
11	89
568	423
570	677
124	87
835	283
114	639
164	148
228	539
166	47
153	132
144	120
148	737
151	345
232	152
72	707
160	490
789	296
486	97
362	782
125	419
82	126
961	677
672	148
148	259
376	530
2	151
163	647
766	684
336	485
179	259
672	497
868	63
683	220
75	180
89	124
486	524
104	260
5	82
97	149
210	473
128	211
960	261
380	261
287	55
108	309
300	848
329	166
326	249
320	439
662	329
127	5
22	206
221	359
130	24
768	580
710	263
942	80
219	28
825	28
124	683
75	519
338	436
108	211
297	868
89	264
922	28
414	0
460	185
452	110
286	24
658	265
950	482
995	17
22	373
126	266
67	433
921	545
729	851
239	957
775	75
63	267
92	509
59	93
705	100
81	340
494	267
57	188
189	11
193	147
194	268
62	268
592	197
902	268
409	440
716	724
216	45
50	244
211	679
564	337
869	558
36	270
22	774
42	267
21	270
564	50
401	59
72	270
127	643
951	233
131	147
355	690
341	256
157	620
189	564
113	458
734	130
236	272
239	605
403	77
377	394
180	134
114	206
989	23
214	5
215	893
538	307
65	148
619	193
5	973
96	274
11	164
56	53
227	606
948	274
504	27
22	35
406	71
215	275
885	334
359	261
516	25
26	275
181	276
915	185
626	183
513	390
873	249
196	276
823	276
474	448
216	137
313	22
115	953
457	979
265	333
180	237
124	990
954	5
16	278
542	781
110	22
23	651
493	367
216	43
114	56
25	670
765	229
685	534
886	361
139	150
415	690
376	468
597	552
244	179
4	92
233	182
62	111
414	575
0	484
86	360
460	148
26	439
150	501
912	655
698	801
834	401
498	450
2	47
214	891
237	22
14	76
97	406
998	459
315	846
259	267
434	119
821	283
186	227
246	719
197	378
763	285
26	148
151	442
24	531
309	455
378	18
274	142
289	708
941	582
588	281
0	560
1	488
148	488
609	152
438	0
275	915
694	94
947	143
104	773
26	128
444	291
135	924
182	271
104	452
50	215
871	68
912	212
942	493
877	288
106	381
149	53
57	330
987	64
235	99
239	890
242	17
681	244
245	11
467	275
16	270
570	696
258	73
931	125
155	290
945	113
425	286
0	776
816	619
904	22
294	116
728	584
494	97
26	316
660	981
63	7
382	309
446	354
353	508
500	149
648	949
377	108
865	293
510	149
93	483
318	875
828	459
153	382
541	838
648	720
215	124
232	493
236	526
874	244
409	256
66	294
87	17
483	131
818	295
5	147
121	295
193	510
476	24
321	296
106	158
443	124
483	128
808	703
559	300
315	98
766	25
363	236
490	252
215	259
319	311
556	699
275	162
266	401
269	330
437	273
660	542
4	406
798	340
990	517
436	620
559	125
907	329
709	725
523	848
231	208
900	223
113	654
308	210
412	760
52	557
132	131
29	91
418	686
588	133
120	23
24	325
191	25
448	170
100	648
103	848
247	160
562	70
242	578
701	824
545	259
262	241
985	264
0	508
108	4
7	71
10	303
217	14
203	386
192	23
335	877
11	662
522	304
263	862
653	304
125	9
715	126
919	305
227	305
23	494
24	109
25	701
746	328
495	600
604	607
317	991
27	106
141	306
926	160
244	514
497	671
464	63
555	279
216	72
1	75
971	23
113	506
31	76
226	794
231	252
813	807
718	557
250	403
250	406
700	957
316	42
564	179
22	967
367	309
147	309
22	76
231	933
326	134
146	581
147	446
980	88
152	357
194	90
275	979
6	125
459	652
340	312
838	291
161	431
189	164
249	169
829	600
531	465
248	312
276	527
937	312
628	428
301	312
114	458
865	124
875	313
49	313
860	50
776	179
816	59
97	314
481	263
151	488
63	124
423	820
148	354
567	657
217	405
206	315
194	261
211	458
441	231
178	391
435	56
113	87
281	553
393	125
581	695
21	137
166	139
140	316
847	516
853	316
0	457
1	317
11	317
234	800
23	121
111	462
124	294
124	38
125	318
470	414
229	127
129	381
803	338
1	458
353	264
268	312
165	541
347	260
138	380
840	622
134	245
250	320
259	333
816	671
81	92
472	275
137	265
161	44
222	321
412	815
223	719
395	311
509	2
37	15
0	39
42	322
50	514
92	647
428	422
510	71
305	323
367	274
848	542
146	177
317	323
0	64
23	292
986	324
211	803
221	324
222	418
232	315
981	451
202	324
329	909
241	433
756	325
870	335
910	270
403	333
276	162
249	5
82	212
259	370
17	237
269	370
276	215
283	267
215	527
641	427
206	330
175	193
699	587
236	774
244	469
305	876
481	719
315	328
848	328
67	15
675	704
988	105
114	596
492	198
186	329
379	444
262	415
696	223
53	127
260	579
152	215
322	218
431	44
812	158
244	232
18	435
468	942
132	331
1	0
357	22
16	82
402	17
198	22
64	385
603	47
304	731
583	622
252	150
252	341
683	332
526	568
315	333
566	692
0	333
1	215
11	87
538	16
168	960
474	803
185	181
996	925
859	188
513	402
609	206
221	121
381	881
38	809
173	335
445	463
900	499
246	505
448	375
176	456
330	692
344	517
480	0
596	166
108	316
315	337
750	125
399	317
318	764
734	812
330	823
0	514
23	30
548	463
630	338
465	88
211	338
242	259
277	260
566	356
130	813
41	479
852	133
95	713
135	45
147	96
308	856
152	244
785	16
162	467
62	357
25	388
176	340
66	341
79	791
82	341
459	831
84	121
992	92
97	940
166	342
167	11
170	131
606	1
188	22
192	342
80	473
89	420
81	53
82	495
984	84
829	752
888	53
98	277
22	344
473	318
294	726
204	118
26	344
635	88
289	180
105	562
944	125
79	533
112	670
18	345
738	78
928	28
113	356
167	346
22	120
124	346
964	126
369	131
394	11
900	922
400	575
237	480
562	220
761	517
84	901
117	61
59	871
68	71
88	628
278	3
111	494
281	348
197	27
816	202
109	430
427	630
47	375
50	148
68	59
823	75
315	113
252	583
125	350
508	435
275	22
756	752
212	143
511	24
120	351
429	313
125	85
127	684
737	370
185	237
315	75
217	121
317	712
531	233
377	323
69	231
188	564
258	445
263	103
479	742
637	303
305	353
612	22
828	645
68	940
420	74
78	813
482	434
11	613
105	29
282	354
217	983
590	355
384	193
850	763
151	323
192	251
515	509
206	532
209	88
218	266
232	356
389	502
322	237
248	113
524	357
113	357
287	443
124	357
413	230
507	124
767	920
237	269
265	240
631	246
536	673
472	259
15	358
856	165
179	370
487	826
162	188
815	347
190	976
22	179
574	302
62	721
68	484
66	360
528	53
402	75
2	76
133	673
852	156
68	901
372	935
152	370
46	144
449	226
931	86
506	72
75	362
148	124
87	687
89	362
90	121
5	192
299	9
466	201
207	640
179	968
554	497
350	363
333	141
262	511
934	265
25	82
641	266
244	185
177	2
900	342
688	393
475	160
188	863
860	698
180	326
337	232
195	365
148	517
150	281
152	211
181	315
861	60
982	456
193	282
533	218
908	755
323	876
136	118
336	849
124	333
303	341
349	220
248	817
203	519
923	510
486	200
229	20
244	22
30	369
809	377
39	82
44	524
54	798
191	605
444	100
788	18
686	46
560	356
147	139
525	161
79	97
18	1
724	57
923	384
367	227
541	125
457	244
918	289
188	264
63	204
864	24
90	187
666	848
83	522
124	372
566	196
289	373
802	453
248	964
304	787
242	305
161	373
315	148
0	20
9	298
453	17
20	765
845	22
563	786
24	233
181	476
188	269
134	189
142	196
163	200
206	148
215	22
807	376
283	251
132	218
368	100
573	676
532	376
432	37
474	693
142	1
844	797
245	551
5	369
51	558
799	260
186	147
113	259
72	341
829	440
193	984
137	752
907	108
24	900
26	576
20	83
124	438
47	225
457	379
922	64
615	80
303	380
469	811
79	83
318	442
50	113
376	195
946	742
874	337
741	478
133	971
266	175
22	169
250	316
904	570
768	280
403	163
166	93
176	83
220	617
494	88
179	148
180	232
182	73
642	137
949	226
25	706
390	692
126	873
283	301
231	307
225	309
535	109
845	387
63	126
397	180
361	260
353	846
624	385
157	946
367	211
216	916
960	818
378	44
113	0
227	737
124	95
792	896
600	729
733	387
68	14
745	379
822	131
944	92
357	472
495	243
66	117
186	646
434	27
127	79
208	216
418	388
21	478
264	17
682	479
377	17
807	613
596	128
812	138
625	205
240	140
124	968
651	140
276	330
111	295
11	35
997	818
738	877
585	762
595	270
333	33
115	358
250	739
344	50
517	0
147	392
776	493
370	330
604	481
666	392
360	392
85	393
57	323
189	315
127	494
351	424
931	393
89	87
33	242
330	181
333	761
402	467
485	342
44	394
346	394
945	418
98	62
75	513
287	697
28	395
315	112
89	74
36	601
710	257
142	39
180	396
245	75
188	396
724	196
525	167
201	100
578	326
524	306
384	4
54	303
345	397
196	113
593	218
134	846
42	118
232	48
561	236
536	156
134	420
394	461
0	152
863	808
678	92
8	205
11	142
553	420
438	676
167	75
491	665
131	596
915	179
181	215
344	480
621	717
830	335
283	401
390	245
44	151
277	124
906	668
26	514
50	467
337	370
390	402
196	344
357	179
49	558
224	933
62	72
426	677
74	0
365	83
90	252
820	702
276	609
630	132
394	488
304	7
309	497
552	640
50	315
316	913
841	990
328	372
971	405
320	405
278	207
134	274
264	685
266	964
162	269
404	148
181	151
284	855
87	809
20	984
106	286
23	407
449	407
647	663
878	19
778	705
539	19
802	905
798	408
422	15
421	408
126	888
162	390
408	992
863	703
179	167
801	47
989	76
755	182
1	679
4	22
913	251
414	410
813	445
960	23
686	899
42	150
152	162
460	161
301	71
179	613
472	0
155	489
774	717
232	259
219	223
740	829
344	259
929	412
264	396
668	413
56	331
909	69
583	99
125	682
644	413
282	83
312	414
0	315
800	316
578	671
382	336
232	457
344	898
157	65
119	415
746	41
97	152
511	505
153	401
699	136
42	166
997	231
341	727
345	416
346	416
68	354
643	587
319	141
294	920
269	893
502	183
188	186
113	417
844	170
232	57
322	225
237	315
857	632
986	934
21	936
93	27
882	54
393	419
399	89
96	806
310	99
254	419
176	79
251	849
24	636
702	257
674	101
44	802
396	722
244	113
480	87
44	179
659	70
148	57
463	125
23	528
456	127
700	183
176	450
199	561
211	96
213	910
253	86
232	560
422	792
616	262
444	437
14	19
129	742
3	191
310	433
410	784
129	550
394	716
95	371
242	274
399	17
404	499
235	43
408	48
796	273
679	124
0	55
864	795
112	10
136	798
445	426
326	147
148	576
355	621
152	703
98	736
430	143
23	427
380	627
179	927
26	449
469	416
780	787
475	629
897	21
450	232
139	124
488	416
325	428
985	180
420	330
382	126
694	623
406	345
357	244
362	448
956	236
650	976
470	780
472	436
148	633
151	134
124	496
411	440
47	200
638	299
689	57
57	431
75	431
975	76
244	180
703	148
367	242
142	420
1	151
474	18
236	631
342	406
744	26
511	325
924	81
934	608
130	158
301	292
312	643
113	994
124	898
490	261
127	150
132	159
544	133
213	88
177	475
783	175
75	921
514	206
185	26
186	698
196	74
235	495
56	500
139	436
164	724
148	436
149	446
152	469
184	197
457	275
779	861
301	206
425	95
378	367
20	455
364	88
321	457
369	153
487	113
190	717
186	438
384	84
902	150
697	365
494	439
340	297
248	147
250	439
127	42
77	281
660	105
315	356
420	431
124	91
793	353
340	149
173	258
210	636
524	127
849	102
814	548
289	161
6	290
188	527
696	442
191	27
196	275
995	367
659	211
215	344
327	443
242	333
470	23
419	443
353	563
253	443
485	791
333	232
81	118
710	559
342	71
876	353
576	40
476	23
203	445
212	109
284	733
434	924
295	584
403	494
259	50
759	150
346	275
956	348
750	105
68	446
367	1
788	74
425	830
899	9
51	447
145	341
150	121
600	310
162	685
574	626
457	420
295	268
89	25
300	328
352	168
754	988
245	317
634	39
595	601
516	924
178	265
179	446
730	964
474	446
731	255
26	167
1	963
251	826
175	715
3	387
0	501
23	5
871	801
862	451
407	226
491	24
368	136
420	722
47	626
855	756
573	768
406	747
795	452
218	309
229	453
22	142
993	265
333	148
90	150
151	35
436	375
833	647
990	957
179	17
545	370
169	76
196	776
953	117
893	244
93	455
249	455
486	455
133	455
179	68
278	275
108	357
114	238
152	124
306	143
147	497
676	349
151	606
179	457
564	457
185	457
521	79
188	915
189	457
90	824
28	987
142	797
142	18
133	462
485	149
332	437
995	712
326	435
438	662
144	504
981	343
262	256
81	83
473	8
386	590
394	75
514	397
402	758
489	239
431	460
331	93
609	22
1	527
226	123
485	322
43	187
620	458
218	114
162	493
314	215
178	462
127	462
180	1
641	71
26	737
154	2
680	143
911	189
665	785
17	480
548	125
23	730
162	167
333	39
314	179
26	79
638	168
0	448
3	287
83	312
635	465
84	5
196	189
406	192
215	57
230	191
214	643
14	680
277	661
421	466
913	515
122	123
389	697
113	467
106	223
461	966
649	925
181	467
100	760
737	237
128	793
259	181
337	124
473	819
862	468
315	468
819	94
74	38
414	281
93	672
661	435
113	469
183	119
554	71
149	470
151	461
177	246
379	764
145	136
0	25
161	716
138	546
400	422
24	896
25	695
26	560
695	27
195	471
143	24
148	898
143	999
150	92
278	962
152	472
161	35
425	195
367	969
248	114
251	316
259	461
385	660
532	299
528	200
225	907
218	20
214	474
78	24
574	138
264	232
885	256
651	439
264	179
956	529
258	228
142	375
204	522
520	672
429	444
178	295
392	40
845	493
903	476
497	20
832	477
324	156
324	477
330	87
74	390
339	417
895	734
50	436
491	213
460	87
185	472
495	478
14	474
475	478
761	315
504	49
739	154
391	637
6	867
305	375
416	633
189	480
206	480
289	57
623	3
225	520
883	284
24	212
168	23
323	551
420	345
145	774
275	356
17	109
378	245
440	25
223	55
877	482
237	401
232	181
552	482
18	844
89	513
472	345
108	483
474	483
495	160
476	568
0	846
161	708
989	8
455	22
73	24
803	484
233	656
89	609
953	895
115	463
5	485
8	445
387	677
134	461
554	283
330	859
5	312
628	465
333	113
338	620
44	124
125	3
411	359
474	249
277	417
177	23
458	96
771	306
0	460
169	63
213	240
181	567
688	125
909	25
671	326
146	243
474	153
619	975
130	610
477	489
508	803
386	965
647	629
63	654
206	74
180	378
753	114
206	181
187	97
123	666
22	431
326	338
479	471
883	109
284	443
23	281
457	681
125	86
472	766
408	740
908	350
328	519
613	564
46	123
375	493
943	36
738	864
402	918
405	137
507	456
109	737
340	494
119	432
815	749
150	494
151	87
757	434
161	732
89	620
343	94
916	102
482	135
791	340
887	198
645	473
354	835
39	305
134	89
98	64
435	108
12	842
23	496
38	633
166	753
315	177
435	497
173	209
76	133
863	185
102	315
590	23
892	316
118	993
529	10
477	73
248	485
662	211
424	58
199	624
127	97
166	50
572	926
450	401
93	159
124	500
128	500
131	500
745	176
140	500
88	143
472	394
281	441
474	30
578	224
81	486
491	16
86	599
127	518
0	142
225	458
380	943
197	0
405	240
894	502
196	874
197	25
710	0
362	753
640	73
702	103
401	618
493	75
417	842
293	723
479	512
4	124
125	504
760	157
758	416
755	210
29	285
899	287
763	429
620	438
272	505
367	89
370	113
779	34
390	38
140	2
19	506
681	898
491	21
125	294
684	507
2	507
682	447
160	488
53	267
367	11
544	408
0	527
852	54
382	4
384	817
394	1
398	295
962	805
306	165
251	83
3	320
322	556
606	331
71	30
384	510
0	206
396	89
474	510
90	78
406	322
79	937
239	644
945	321
526	125
248	175
555	530
398	611
977	512
812	308
955	512
298	512
503	428
437	682
926	580
333	317
110	481
113	179
835	114
609	513
128	108
140	23
87	514
278	805
499	624
113	514
124	514
908	125
513	970
154	515
140	217
719	64
384	888
181	0
187	515
189	275
26	416
419	912
350	426
300	843
435	147
436	448
813	631
247	99
581	95
259	517
975	549
22	274
276	517
257	190
55	604
159	995
59	131
164	276
561	645
148	167
175	114
371	9
22	654
23	556
228	24
316	496
564	26
339	125
152	179
73	262
83	643
991	959
448	484
329	520
342	450
935	613
646	521
297	97
275	50
185	276
159	521
232	874
13	762
540	462
336	5
50	357
146	178
346	74
342	356
57	344
386	523
606	237
735	726
244	276
301	454
266	131
415	616
269	480
551	420
273	562
454	694
160	701
457	524
164	525
457	148
641	251
464	23
40	117
670	894
581	25
574	425
101	661
109	526
917	374
643	2
467	44
22	469
309	508
688	165
921	315
476	258
737	152
729	73
330	527
131	5
981	95
714	434
28	880
71	528
379	148
753	905
124	545
284	899
426	473
370	333
463	704
544	540
713	760
853	113
716	269
347	85
919	139
777	519
241	516
255	149
746	86
430	531
812	688
436	47
158	998
440	740
307	137
746	795
78	644
280	49
572	220
360	576
113	829
125	190
362	11
889	93
971	800
148	187
151	180
153	533
765	533
658	579
517	152
520	68
337	534
527	534
207	298
571	442
593	474
388	535
204	240
724	244
165	288
330	0
18	151
748	368
259	269
315	317
19	36
421	768
428	144
24	943
864	537
79	126
726	537
87	779
424	669
167	180
226	537
265	324
411	538
524	206
614	538
589	474
601	538
261	347
830	655
130	80
443	441
409	665
228	165
89	930
620	147
333	50
422	27
458	446
199	680
160	601
71	477
89	958
8	752
927	321
235	433
193	5
114	619
18	448
967	75
897	695
401	170
196	356
255	647
476	86
181	269
339	906
425	125
677	124
534	467
208	380
6	543
616	877
980	183
90	544
663	68
928	285
113	405
116	711
604	407
361	814
186	167
149	33
806	0
982	238
179	545
30	835
181	275
42	7
146	539
606	18
108	225
831	524
131	200
326	788
498	150
289	151
670	477
139	159
305	547
775	892
707	163
206	189
458	520
388	548
399	151
406	238
390	44
88	56
568	597
409	491
416	113
902	21
441	549
141	129
133	27
52	577
424	468
526	550
190	473
41	474
475	968
710	550
930	758
370	225
377	461
269	148
467	524
140	591
472	22
20	214
650	778
345	633
346	461
75	958
720	552
369	715
263	257
259	185
113	27
377	788
269	276
747	462
10	45
436	225
156	440
93	68
710	523
460	152
163	464
113	237
955	443
131	414
732	167
599	195
875	931
474	132
329	315
319	325
326	822
329	326
866	142
355	762
192	860
503	335
56	664
263	300
593	470
517	472
473	130
152	545
279	557
892	96
62	194
54	174
529	914
513	87
999	88
567	185
54	324
189	467
269	553
58	386
348	115
549	140
23	357
24	425
77	251
955	855
431	918
808	566
457	560
18	461
974	490
805	419
24	998
457	50
333	457
477	851
253	125
448	562
0	114
460	687
175	817
628	720
22	39
23	31
529	493
524	469
497	563
227	563
633	167
517	196
79	563
770	911
204	986
513	315
514	564
87	609
527	269
534	564
681	232
473	233
235	23
429	565
22	637
23	77
259	124
152	26
866	161
472	905
169	53
474	175
770	180
185	566
564	567
566	567
0	567
1	567
8	814
625	115
16	94
794	434
997	166
439	408
561	568
331	22
457	898
460	603
185	823
72	82
154	77
200	458
206	215
769	358
517	232
96	148
524	113
254	711
81	780
715	282
895	570
96	242
113	275
773	571
29	337
375	128
359	24
461	148
634	712
168	261
700	831
305	124
48	522
317	22
421	543
40	987
452	820
783	93
30	249
734	66
219	612
603	248
677	884
756	228
534	50
176	251
683	929
418	548
944	755
556	118
226	49
978	582
315	290
60	575
84	386
583	261
402	164
148	196
755	895
488	87
88	576
740	516
52	523
67	475
317	113
25	872
726	112
101	784
230	489
659	110
549	462
327	655
75	525
153	691
448	134
557	13
493	472
956	473
666	374
80	129
905	247
348	327
501	316
900	855
7	556
640	239
174	60
29	875
179	315
557	580
869	302
777	865
506	6
890	511
591	672
772	381
431	525
524	50
527	113
931	32
105	582
628	325
898	113
668	272
437	31
705	379
809	373
375	806
136	954
882	94
380	583
388	505
704	23
237	181
139	185
186	159
682	273
196	22
459	697
202	154
169	238
187	408
555	190
201	585
960	43
855	85
439	540
982	71
87	289
122	98
807	477
750	234
369	114
349	815
474	47
724	245
730	249
51	256
472	458
280	922
63	427
217	588
310	156
636	586
2	588
279	519
19	926
20	494
199	363
966	915
49	9
113	669
450	589
745	847
126	589
519	590
105	723
418	55
423	268
748	429
884	327
438	274
478	241
92	600
81	833
919	630
681	18
692	915
473	24
307	522
768	12
612	696
378	124
163	118
289	996
176	126
427	528
83	331
74	151
56	833
692	337
826	342
524	232
307	155
366	594
69	208
279	157
175	84
22	898
785	262
817	331
53	427
954	800
127	739
435	96
42	312
732	396
147	596
782	151
680	233
668	230
590	293
288	736
401	225
50	232
748	12
524	692
89	75
290	657
352	110
139	108
287	66
124	111
42	470
106	807
911	333
826	124
74	787
400	597
470	322
368	555
938	18
118	255
370	22
740	334
793	497
50	185
57	237
287	58
124	476
61	254
145	72
24	348
986	637
838	41
87	925
0	89
350	107
113	966
22	602
847	565
922	602
877	839
113	517
999	388
28	299
315	87
319	10
322	4
107	125
841	924
93	603
995	142
932	333
74	124
131	149
96	438
928	884
778	451
272	65
524	275
651	536
472	120
759	549
551	346
366	580
725	605
318	286
470	267
142	606
547	242
390	606
546	177
566	152
96	436
233	287
467	22
460	315
543	607
175	806
949	607
276	87
22	124
23	320
121	608
25	262
55	756
933	728
593	79
596	149
218	822
0	609
1	889
8	610
333	275
448	42
87	469
102	610
104	558
579	804
774	820
787	136
452	763
726	348
484	53
126	693
124	564
466	617
587	316
784	411
438	472
456	641
346	378
222	119
473	612
565	702
97	24
113	613
629	307
474	159
124	613
182	24
18	134
34	25
51	285
152	333
14	47
50	90
56	593
154	187
124	654
46	122
59	124
132	346
288	615
23	441
936	882
7	23
102	76
477	334
77	122
605	516
560	17
505	616
72	155
142	461
808	180
151	22
158	611
506	608
52	558
113	161
589	309
315	618
181	402
830	850
219	125
627	391
875	51
543	447
603	153
126	229
478	247
139	619
12	349
309	109
127	882
416	0
301	486
4	639
985	323
114	131
74	26
555	386
981	219
721	140
31	2
148	185
337	188
448	211
457	357
342	114
457	87
23	853
468	124
974	472
527	480
979	930
50	305
151	553
602	558
617	623
769	80
423	432
75	665
161	148
588	127
988	116
125	735
190	404
872	22
121	63
465	34
33	888
213	595
517	687
525	44
858	331
338	93
794	451
81	916
497	331
662	370
354	301
738	24
457	679
131	47
931	387
197	142
338	147
61	650
565	795
626	625
148	495
510	765
564	467
152	337
217	261
932	357
358	212
367	134
185	370
807	349
244	613
761	357
596	630
338	969
469	317
613	181
595	614
476	272
0	630
124	741
207	86
112	209
305	362
309	712
315	436
258	631
323	793
553	513
334	632
213	411
786	669
330	356
357	185
89	633
161	633
75	633
124	633
74	633
642	538
132	93
63	833
901	331
375	634
378	634
21	241
108	164
406	83
423	635
145	168
140	333
194	25
598	163
706	154
64	171
225	435
440	247
604	652
24	115
156	19
472	921
473	636
410	637
44	416
422	25
286	327
545	472
485	124
540	252
353	211
394	345
302	953
359	94
166	128
357	370
25	202
959	24
365	580
124	159
326	11
329	639
131	639
331	639
575	655
171	576
458	139
605	222
721	665
602	302
717	171
329	533
408	462
135	595
441	651
609	237
457	315
133	140
632	908
469	633
404	376
247	642
248	4
612	541
22	62
493	864
87	206
10	88
184	673
149	643
847	343
140	154
56	186
644	433
406	691
314	81
87	777
92	897
25	94
670	819
420	513
725	433
24	645
481	690
435	11
551	134
141	205
166	83
689	276
282	124
149	7
227	18
124	316
214	982
216	352
227	274
791	238
810	258
97	126
323	134
236	655
51	648
535	35
772	927
657	118
674	499
781	523
152	654
344	113
93	31
38	649
370	649
74	373
390	649
573	421
68	808
457	921
761	994
108	547
845	592
460	264
260	879
369	620
917	903
852	939
630	56
424	257
637	241
592	741
401	494
416	396
588	107
459	9
453	84
457	259
646	603
92	840
608	295
882	939
392	624
878	73
633	317
518	855
743	431
717	374
338	180
465	505
955	28
221	160
926	145
435	309
490	90
795	389
626	271
402	38
66	426
562	827
100	656
113	656
147	114
25	856
132	23
744	124
627	307
87	35
642	657
24	141
179	654
655	931
83	200
159	84
380	658
113	20
24	658
121	658
124	224
683	838
401	406
880	811
544	804
895	555
50	227
872	861
174	129
239	592
244	275
545	113
252	518
253	104
789	577
444	660
373	188
326	375
385	661
795	965
253	363
200	954
526	24
674	675
857	201
682	827
57	274
847	965
554	458
909	428
420	399
194	398
921	124
416	963
84	663
487	663
315	196
114	684
322	169
283	4
382	664
333	181
132	664
289	685
402	22
6	82
892	142
598	100
438	375
76	678
521	453
26	378
71	83
549	2
81	97
651	699
89	685
93	126
433	334
126	496
10	667
179	1
764	437
502	667
0	912
140	36
775	164
108	166
490	23
732	75
498	6
182	668
410	491
690	720
64	365
34	423
611	829
383	298
843	669
975	403
245	420
112	610
771	670
836	153
275	517
457	22
247	21
163	731
438	671
714	311
342	384
259	464
179	780
136	84
914	172
436	672
96	672
358	182
874	911
419	459
698	124
907	128
840	673
884	576
727	673
152	330
791	315
587	340
291	794
583	739
22	994
776	124
566	716
493	152
507	83
15	586
432	88
347	571
348	124
181	162
64	869
945	676
822	533
168	706
222	51
467	911
916	316
564	344
25	629
22	192
153	338
517	124
549	707
869	442
539	909
316	238
267	7
185	269
60	99
132	186
316	888
188	26
113	147
242	131
399	44
367	679
242	508
252	936
420	679
920	366
719	680
336	238
337	215
345	11
983	528
265	522
320	111
950	706
315	681
564	185
984	176
135	216
534	22
688	74
9	599
767	682
681	259
489	27
715	266
315	493
786	442
162	402
238	322
988	683
227	242
301	5
345	134
21	36
214	834
125	607
517	22
836	317
60	522
274	114
102	154
124	685
5	663
394	134
810	197
11	151
151	397
941	436
396	469
401	455
402	87
757	37
343	454
965	686
813	529
431	687
337	808
170	438
852	608
442	85
865	682
409	16
683	903
237	289
247	19
431	480
37	632
824	6
289	689
11	689
27	187
22	689
194	939
24	839
101	212
734	690
22	152
322	23
236	690
25	150
2	92
330	337
282	853
288	3
508	835
300	862
312	691
22	624
511	233
867	581
703	692
527	692
545	73
402	553
563	948
564	692
22	23
238	849
59	693
709	60
867	0
89	317
155	216
178	62
439	121
166	269
785	872
580	694
577	694
639	248
177	440
879	351
687	685
271	998
382	0
124	1
6	695
982	826
305	134
73	695
475	614
534	113
447	696
19	478
754	617
592	957
903	260
361	710
685	0
367	167
97	4
436	484
740	779
261	84
496	76
785	600
498	261
54	14
992	515
244	268
266	375
996	17
567	215
290	490
586	296
310	23
573	471
365	615
958	399
148	17
668	78
341	478
534	921
275	545
896	205
57	0
560	276
400	88
567	189
305	679
315	816
888	507
667	135
323	634
448	948
185	188
74	113
0	493
806	134
313	100
124	703
495	6
426	568
25	152
626	236
32	704
472	639
638	658
633	346
859	460
159	108
580	705
921	113
360	652
559	576
622	410
880	152
665	872
554	242
21	706
22	233
421	26
24	572
25	178
771	25
514	344
524	609
152	96
586	237
388	586
535	158
111	587
31	356
39	708
24	358
323	775
373	708
375	147
111	63
854	924
801	108
710	280
335	709
54	145
390	685
227	326
334	262
229	93
334	409
472	674
108	48
92	780
650	621
263	978
200	314
187	82
676	105
677	3
792	432
274	712
501	833
375	712
748	902
323	712
166	301
326	712
577	713
498	132
571	713
638	324
259	337
191	60
752	740
708	553
709	695
712	151
0	125
1	508
453	7
221	15
6	614
545	315
546	626
94	715
177	243
731	136
588	76
428	197
735	473
570	443
437	617
135	364
96	547
142	716
93	488
737	493
152	874
83	853
454	376
5	159
467	124
760	718
503	807
945	977
25	740
424	417
978	718
185	925
118	494
977	719
925	17
779	475
419	473
381	719
373	732
378	732
668	183
729	45
288	182
422	184
605	720
69	205
22	681
545	22
735	22
629	601
922	417
854	239
707	721
269	770
90	97
430	34
665	16
540	209
232	189
434	681
621	723
323	227
412	723
354	322
310	611
2	320
421	723
148	545
58	371
720	184
74	164
307	221
690	473
514	724
62	52
73	725
316	7
79	322
868	83
334	27
606	89
498	77
303	155
153	127
514	823
244	134
192	213
529	24
579	204
416	420
278	727
194	118
824	727
75	11
216	727
390	469
167	1
132	169
551	170
641	455
189	22
709	728
752	475
114	436
672	115
215	724
119	729
802	401
572	98
156	23
535	24
545	681
235	72
164	315
259	153
619	753
162	527
149	731
167	731
587	59
282	75
180	26
185	87
722	467
0	289
1	732
704	541
8	734
251	23
22	234
339	612
448	458
440	221
368	51
222	702
228	143
215	244
462	229
14	221
784	235
87	461
798	556
841	3
468	230
356	0
681	356
370	148
85	719
148	654
317	716
603	338
426	736
106	736
837	617
810	107
704	125
620	846
214	174
306	209
176	868
514	181
610	138
196	161
206	402
917	717
737	4
477	738
1	525
139	2
223	559
465	432
401	354
492	299
76	739
94	665
2	97
148	595
498	739
124	722
443	86
547	329
266	474
558	569
280	773
237	563
50	567
26	225
439	549
21	741
16	256
457	514
74	673
69	741
296	742
631	31
373	399
649	167
904	652
333	669
672	461
342	5
102	301
461	245
94	910
968	356
26	357
180	743
457	744
54	352
461	317
148	656
333	517
773	745
67	146
96	919
627	67
333	745
795	110
344	237
620	619
192	401
514	189
952	814
695	670
530	746
865	703
205	350
717	746
314	973
960	155
83	192
87	127
331	237
113	460
96	100
74	75
198	949
496	651
133	121
356	124
624	376
114	132
54	943
242	186
334	475
145	749
292	721
510	472
724	22
451	429
368	58
716	276
0	761
38	722
27	241
675	750
166	751
648	123
219	138
678	2
225	751
801	751
232	26
776	663
947	704
691	83
737	124
597	10
22	701
224	740
115	445
152	797
266	603
846	96
271	537
281	316
238	23
165	476
508	527
904	195
499	254
708	480
318	942
366	754
296	755
175	23
10	997
598	120
445	129
127	759
450	322
298	856
524	333
453	461
682	395
220	429
912	535
306	10
684	937
1	330
3	419
6	14
317	17
22	127
372	24
38	91
179	316
279	493
534	460
974	634
959	552
297	200
681	524
312	528
297	83
432	700
858	11
323	89
214	84
976	434
210	327
686	67
22	159
352	150
857	109
432	319
330	467
930	469
472	124
473	541
1	753
677	101
291	789
190	762
976	762
222	772
489	183
301	200
624	389
113	493
644	400
179	356
821	507
20	336
772	22
652	763
24	505
984	715
788	431
441	111
87	689
692	124
695	890
98	683
473	550
353	827
564	215
461	892
567	514
825	374
299	604
738	25
22	766
23	766
24	235
314	834
33	766
627	72
493	148
972	494
517	500
506	121
511	434
530	327
361	257
723	296
983	241
870	26
581	536
105	768
565	768
124	196
287	298
568	942
511	959
371	977
202	316
475	174
324	62
612	903
587	292
96	858
229	639
793	672
378	770
649	770
206	162
802	84
324	204
34	19
493	457
858	305
1	410
50	189
271	616
309	563
315	472
167	484
317	148
670	546
724	344
560	744
659	239
565	920
211	264
457	161
516	24
681	976
15	774
70	988
426	250
635	738
136	739
913	23
781	291
662	305
88	45
679	547
455	973
689	188
71	691
408	140
180	76
326	461
455	126
27	364
457	613
499	742
456	316
923	140
516	10
67	82
856	352
584	155
751	497
990	179
257	492
467	519
509	240
899	125
222	425
602	55
663	382
668	878
681	113
56	41
160	581
625	66
972	491
304	498
976	339
8	210
786	796
518	316
524	737
876	47
300	116
330	333
886	781
338	554
349	811
312	356
357	196
966	402
1	633
316	643
44	649
1	237
671	84
681	737
845	605
619	783
630	783
634	305
646	229
654	399
489	10
219	39
456	53
317	394
322	20
76	731
913	111
559	117
558	22
451	444
393	110
632	363
475	581
153	593
59	589
431	87
573	837
183	728
166	63
179	196
851	178
543	789
400	209
970	1
23	684
7	427
373	420
737	188
853	102
15	878
164	788
420	259
919	344
430	319
435	93
897	501
88	473
83	336
613	50
691	450
398	637
650	786
119	15
575	440
177	155
38	89
399	315
692	460
124	790
125	599
221	495
901	369
168	538
2	456
241	144
384	791
293	920
545	344
363	260
113	185
189	560
7	566
714	949
932	472
259	26
662	793
269	0
275	613
271	288
297	149
375	793
59	641
14	934
949	895
77	62
569	254
81	821
198	172
26	38
644	10
114	520
213	475
613	493
926	267
507	312
115	908
116	796
903	754
122	946
879	124
327	125
242	114
217	797
885	845
413	239
161	689
162	237
169	97
170	797
622	579
588	798
369	765
818	638
493	370
376	313
189	613
175	510
482	37
190	799
367	17
374	799
928	799
287	383
372	293
513	317
932	152
17	215
648	571
524	124
516	640
330	196
473	205
662	108
583	208
758	743
225	484
364	334
948	508
99	608
360	733
39	722
235	522
179	524
47	248
948	803
305	803
750	735
267	316
967	317
306	611
325	27
677	253
398	804
270	410
406	450
419	286
622	804
149	439
285	103
185	232
448	188
206	527
850	363
234	561
515	707
107	419
206	806
472	654
155	48
90	913
343	623
131	448
398	168
383	22
678	81
814	457
573	481
89	111
87	179
826	472
609	17
773	91
738	894
74	493
24	947
541	661
873	18
333	215
708	469
58	825
527	57
245	17
215	825
35	18
762	988
817	5
748	203
637	600
912	45
22	698
977	40
361	811
474	22
180	868
546	877
187	490
819	740
107	286
438	153
605	489
460	23
469	26
350	64
473	350
697	481
626	308
435	151
24	927
23	462
219	645
24	813
344	244
777	349
148	356
19	433
370	96
140	556
25	119
222	41
211	551
395	815
665	224
633	920
362	38
654	613
985	134
664	816
462	316
469	1
449	838
473	129
474	835
821	111
669	52
84	79
114	84
178	457
292	92
967	330
353	93
633	18
654	188
447	618
247	270
797	671
38	1
165	998
25	819
123	371
377	161
122	385
400	191
30	384
493	124
279	831
22	874
517	50
518	232
811	795
473	360
493	179
501	77
203	103
817	591
516	27
527	402
126	821
741	991
136	439
500	153
850	22
154	441
179	128
264	790
275	179
124	823
578	134
714	85
613	18
605	78
215	514
121	22
664	891
48	174
104	688
891	30
288	28
824	243
226	825
413	25
842	825
478	97
630	940
972	72
305	68
30	715
722	75
309	803
725	415
640	720
192	730
906	696
174	14
214	470
523	291
463	473
142	377
63	305
754	0
561	828
566	124
649	18
288	828
325	828
613	152
590	481
20	125
23	439
21	829
958	394
50	87
6	72
790	930
950	475
447	69
612	286
215	26
349	745
221	601
73	239
256	829
942	3
759	836
522	627
37	23
131	22
544	23
329	458
71	336
870	959
68	131
84	338
442	223
498	472
382	446
628	999
472	578
23	398
403	833
590	585
634	89
747	265
581	749
465	771
127	834
119	51
158	122
43	647
113	227
30	685
460	162
816	132
113	905
255	681
97	99
87	161
309	96
113	743
510	817
179	124
787	470
126	836
114	708
798	23
649	1
809	394
810	24
77	333
339	219
911	689
157	577
971	678
435	598
52	457
163	102
292	494
113	472
344	357
59	438
146	538
476	839
477	465
752	224
405	149
27	433
0	406
319	840
0	874
473	84
346	1
560	179
336	472
292	439
512	661
138	883
197	841
829	910
734	810
144	842
311	383
187	747
417	120
628	197
742	239
371	85
566	22
22	737
260	952
531	60
573	843
94	270
237	346
324	217
323	844
326	353
333	356
6	34
718	417
999	182
166	229
479	418
142	679
461	164
453	59
15	845
366	831
560	467
817	456
566	846
663	593
479	914
730	603
781	772
701	19
89	394
225	801
401	301
259	110
285	598
104	799
385	459
978	848
281	790
75	170
654	517
133	316
866	166
956	632
800	441
244	849
56	816
341	162
87	420
40	492
159	59
493	681
273	355
496	540
85	512
189	165
615	597
617	395
337	244
473	626
854	230
54	285
713	862
161	378
286	271
174	303
176	5
929	316
337	185
133	187
758	317
761	782
202	787
683	864
823	467
691	826
118	853
34	854
493	192
550	106
335	854
428	839
588	721
437	519
457	23
173	199
255	975
98	855
560	244
185	874
992	496
383	879
445	856
591	174
64	226
24	475
0	88
71	93
113	403
80	857
473	348
356	567
181	244
125	857
619	446
464	140
189	716
671	858
692	189
965	499
871	108
205	286
65	594
860	252
776	932
780	281
785	413
179	788
282	20
389	388
177	926
429	203
134	128
272	951
68	860
132	446
972	728
438	309
415	259
97	251
399	162
299	887
122	459
279	862
635	771
79	973
125	961
821	314
833	587
147	844
162	863
409	738
687	164
692	863
191	709
560	330
719	219
325	22
566	57
738	15
595	27
364	740
364	465
85	742
801	297
803	148
332	949
727	303
809	967
611	24
982	664
708	930
621	293
790	460
305	866
944	704
715	533
340	5
721	23
44	0
729	725
731	102
322	312
252	192
739	316
69	19
629	341
457	124
866	446
472	24
377	5
474	84
472	181
473	837
664	693
495	359
162	480
422	473
336	126
388	870
241	665
212	258
234	8
101	572
113	567
951	810
448	751
453	573
26	457
458	871
472	544
912	236
824	224
178	121
27	24
181	968
373	189
569	607
270	193
184	430
474	521
406	282
113	687
693	873
538	160
737	315
552	177
262	643
701	174
5	81
709	665
503	311
410	459
392	582
162	215
132	969
311	827
403	304
926	48
397	317
0	116
141	23
76	23
578	876
858	438
743	808
446	876
938	866
141	893
567	534
572	908
472	271
595	575
309	620
101	306
173	387
775	633
344	776
488	783
112	69
557	23
728	16
42	494
43	178
832	25
589	79
181	460
227	630
620	211
62	934
88	909
449	201
139	970
60	67
586	428
644	99
487	973
402	457
405	111
662	39
472	305
473	881
45	119
309	446
582	929
39	858
615	631
22	391
59	128
143	655
119	767
651	77
680	531
681	399
124	338
685	38
466	472
823	179
397	958
829	262
374	884
614	382
844	775
84	715
588	208
601	19
180	609
99	885
358	112
614	936
24	792
604	886
889	166
249	663
352	218
628	670
469	161
452	886
854	423
797	858
47	533
866	377
208	749
80	690
875	887
0	613
113	501
421	343
179	888
179	215
388	15
81	888
394	420
249	889
874	514
877	61
0	510
1	170
187	536
90	25
158	129
841	890
28	887
23	54
124	208
205	632
873	891
276	687
681	206
139	446
446	646
249	453
609	438
572	17
301	868
885	595
609	57
344	689
570	464
553	74
608	673
757	476
656	682
460	17
685	18
111	993
689	893
746	842
829	181
184	628
487	93
189	1
808	276
249	192
703	370
820	711
251	127
133	721
530	404
946	895
698	620
909	896
809	264
817	283
828	592
109	586
856	130
425	471
632	80
523	296
564	206
84	806
808	269
809	402
26	333
47	4
131	907
956	57
387	66
75	396
79	5
414	320
728	64
17	373
316	53
188	27
387	735
906	899
298	676
612	900
152	189
932	113
625	197
863	189
315	716
62	316
4	251
711	347
923	314
4	901
396	551
822	114
378	551
30	227
412	705
385	652
388	246
390	169
394	124
354	487
809	687
426	505
170	228
18	484
532	426
806	211
427	81
815	799
687	346
688	904
794	542
868	238
128	131
708	35
121	265
318	55
127	297
131	905
132	905
67	36
321	364
717	404
70	843
517	737
980	567
259	524
527	189
234	473
775	167
74	466
23	4
1	782
790	918
801	907
431	809
289	687
244	0
8	908
671	634
637	54
944	318
214	11
392	51
83	919
863	22
500	79
264	215
71	105
438	510
524	0
14	204
460	206
193	166
579	405
99	910
25	910
108	672
598	504
113	911
490	549
25	568
61	122
124	188
602	95
631	912
743	609
613	357
235	82
885	709
630	871
275	344
534	276
218	282
287	857
534	57
493	470
315	466
11	134
219	102
223	914
27	845
880	914
448	663
51	19
758	164
899	764
907	905
507	834
840	216
464	316
18	44
740	433
584	198
106	896
215	0
102	7
172	279
234	107
468	917
940	225
744	22
229	108
232	124
568	236
26	244
493	918
427	238
4	435
460	57
207	61
865	65
24	631
438	448
0	919
95	55
25	303
87	301
883	881
297	493
749	462
13	328
100	702
271	546
86	286
460	89
411	235
919	619
405	344
421	978
550	737
436	458
786	530
890	25
133	496
666	467
443	677
777	929
835	384
135	125
89	448
188	808
496	923
299	123
160	627
185	216
217	2
251	923
231	739
470	514
18	139
37	24
51	128
542	811
81	266
398	340
399	513
402	925
414	154
859	925
943	163
565	660
952	400
260	424
23	992
432	729
433	82
860	114
441	2
569	927
196	689
682	659
86	106
362	164
870	511
703	22
736	559
647	2
861	784
45	933
315	974
317	801
319	88
822	446
447	929
840	168
269	457
147	817
764	286
470	102
678	118
357	259
98	917
350	850
230	50
900	302
57	276
775	22
638	88
732	345
183	841
56	282
443	931
284	512
741	67
74	966
75	685
87	142
89	180
91	573
93	646
6	933
517	681
923	126
132	715
137	14
881	827
139	180
122	418
211	698
721	934
415	991
113	725
727	934
334	725
309	11
281	975
99	646
837	935
424	935
727	16
745	839
851	592
608	936
770	22
216	290
896	503
176	485
896	183
395	886
525	788
613	545
23	540
993	739
941	786
11	547
898	179
553	264
16	177
918	525
337	921
922	113
930	938
134	589
216	673
515	653
133	747
234	135
236	636
210	450
431	606
23	826
953	351
839	564
178	840
783	521
483	940
172	28
137	380
370	941
476	212
355	618
120	965
655	983
222	315
374	607
266	114
213	15
732	35
173	769
301	39
442	277
354	193
125	309
146	433
639	474
23	681
290	391
232	215
638	2
4	151
5	142
962	944
97	738
22	799
298	570
15	734
201	718
257	604
8	286
843	945
532	18
264	35
207	612
798	613
638	178
599	899
397	39
737	654
173	947
837	777
89	189
760	190
96	116
111	133
212	947
17	22
961	702
233	959
692	244
970	245
289	948
259	196
23	641
748	831
587	518
654	761
640	854
75	438
349	514
363	124
22	460
23	678
8	284
25	950
26	613
27	740
399	57
851	135
69	99
667	415
51	28
427	200
430	951
24	952
24	173
619	940
304	720
963	179
424	299
4	266
20	283
123	32
441	562
16	410
117	98
664	646
539	600
378	920
295	231
125	843
267	780
399	245
292	739
297	954
112	955
264	113
29	594
644	230
125	429
24	769
599	955
474	81
870	531
251	486
550	234
563	96
965	95
565	22
454	260
664	297
276	232
95	807
756	959
821	20
645	810
312	641
315	22
147	225
345	958
346	958
357	373
759	509
184	957
643	192
186	907
291	402
921	179
413	246
439	281
859	215
473	526
375	520
927	0
397	377
924	622
525	390
0	536
325	792
694	961
17	232
19	749
145	235
23	961
234	426
778	157
147	436
453	314
7	832
475	99
467	11
891	126
577	914
539	6
899	101
325	897
323	963
18	963
698	493
494	295
60	27
717	58
917	457
498	118
650	820
486	42
529	632
859	493
126	7
415	27
310	241
480	196
305	170
659	988
316	766
317	782
994	472
319	400
987	49
194	23
866	461
467	613
469	967
684	315
472	139
66	865
778	981
185	968
448	227
284	550
457	968
458	662
244	467
458	969
472	681
4	474
244	567
907	603
484	969
785	709
131	893
142	227
695	60
81	494
964	84
968	932
275	206
111	971
194	121
369	340
549	124
39	134
707	971
375	5
836	528
911	457
818	62
545	932
933	972
495	364
935	124
937	973
711	763
76	615
302	351
454	594
418	742
232	859
898	974
941	935
450	283
92	259
332	623
921	974
456	622
776	711
277	145
691	589
603	315
607	28
939	178
180	533
609	480
818	495
870	143
469	431
113	918
483	448
565	355
215	87
93	218
226	811
257	794
244	911
547	566
130	714
235	804
596	329
480	859
817	59
821	450
651	845
852	216
610	236
244	979
60	950
259	427
276	963
264	131
441	916
24	66
922	277
182	980
654	0
932	767
41	928
614	352
252	133
887	762
84	730
473	944
738	37
818	268
46	371
737	472
953	41
414	391
243	265
146	741
742	914
743	26
29	107
730	905
907	113
524	315
232	460
916	267
4	238
337	863
401	984
591	984
687	35
293	124
137	678
893	744
196	0
654	344
206	985
597	207
249	248
703	925
255	315
18	11
708	87
243	997
86	805
23	986
217	127
803	20
267	268
418	987
234	537
102	23
289	72
707	205
475	175
936	306
264	44
503	23
507	99
931	107
513	44
774	705
133	989
108	22
581	637
84	891
683	273
140	989
739	989
80	409
351	880
118	71
146	25
460	18
250	14
119	990
0	554
999	422
270	575
299	648
323	808
522	163
603	5
457	196
22	461
472	758
498	464
480	724
800	486
493	333
184	872
189	57
87	196
288	473
174	415
326	151
238	456
911	744
385	742
921	994
922	95
473	674
101	425
809	930
126	84
84	20
883	505
826	641
722	131
533	266
133	43
966	996
35	996
15	246
323	367
501	403
846	458
118	470
300	347
304	441
881	308
309	416
764	158
986	54
318	28
917	103
529	680
536	155
224	584
149	937
236	505
444	847
692	269
124	991
161	1
617	777
684	587
167	566
618	623
