286	9
166	132
370	0
264	1
602	977
202	556
234	125
127	124
170	620
248	765
28	875
609	373
428	626
94	334
62	398
822	93
372	196
4	5
4	964
252	4
453	4
4	834
487	5
5	524
501	780
835	5
312	136
89	488
603	31
6	667
308	8
8	130
485	923
175	202
520	905
10	178
934	840
1	345
2	408
73	27
823	44
353	448
327	9
11	17
475	657
379	789
685	996
48	2
3	101
4	510
49	172
0	17
164	17
518	169
186	214
455	4
59	664
315	809
180	18
0	18
776	1
2	54
700	989
4	889
286	942
59	329
77	2
473	106
183	771
444	273
25	6
420	1
92	111
4	20
5	354
11	461
282	126
170	18
69	262
510	248
331	174
1	11
914	754
3	755
260	978
8	22
10	423
938	11
17	396
698	18
0	22
1	326
17	124
18	634
59	214
200	643
403	23
894	735
2	23
118	699
22	921
706	933
769	46
913	818
75	457
969	186
866	11
65	656
148	19
626	173
60	25
24	561
515	23
494	26
126	316
22	915
420	151
24	288
423	667
0	26
21	27
22	27
952	125
24	750
25	27
26	139
536	130
167	17
390	289
413	771
869	28
595	243
171	12
27	890
180	11
14	156
17	281
551	18
911	344
653	540
24	518
882	19
907	458
528	304
636	814
26	761
447	935
208	622
26	995
749	25
440	67
703	206
202	102
181	50
601	539
0	275
582	827
8	881
9	32
263	451
87	467
32	584
7	33
11	551
17	431
277	107
23	33
138	24
334	118
119	832
119	319
170	578
758	74
183	34
264	148
387	764
32	574
83	4
890	670
343	827
336	377
242	716
990	27
15	130
618	259
318	962
23	36
477	819
871	93
528	438
529	568
741	6
411	27
74	242
25	37
114	507
413	27
0	96
132	342
11	113
937	20
5	836
0	38
610	24
33	450
75	39
38	151
231	145
1	39
4	59
675	961
187	265
991	184
35	89
189	259
193	20
101	550
474	435
962	207
743	44
599	425
494	2
812	814
594	273
120	280
133	540
33	42
5	453
775	345
524	1
553	50
17	469
38	167
261	0
1	461
2	496
721	90
933	491
23	43
17	44
553	44
50	188
88	434
18	276
19	146
422	143
682	617
902	324
832	45
25	45
161	685
27	972
28	624
18	89
22	680
23	295
504	46
502	25
326	866
616	24
532	624
332	597
22	337
230	725
977	311
827	70
142	124
18	679
927	530
23	414
98	977
851	25
731	267
584	824
828	615
302	407
551	712
823	259
126	322
628	316
895	962
44	50
0	50
390	356
633	732
250	591
145	77
22	50
26	50
995	1
109	674
18	377
22	51
174	145
776	472
396	938
98	195
192	375
0	476
0	87
4	693
489	472
611	535
1	89
5	591
989	2
916	53
22	641
729	191
0	520
290	411
11	166
375	93
857	568
614	27
58	147
509	148
448	508
866	39
50	356
586	951
315	162
472	613
469	898
703	44
108	362
130	555
932	148
633	44
189	148
18	57
68	151
514	356
24	28
962	125
26	57
436	435
496	308
22	493
583	23
597	24
750	115
179	26
178	490
722	44
53	79
56	59
0	59
648	928
22	554
23	59
44	609
471	117
664	218
20	453
269	22
23	243
258	24
22	381
495	475
24	61
598	61
26	493
404	492
192	678
221	642
112	546
756	999
998	434
26	113
588	320
351	28
807	125
304	148
259	0
1	416
458	147
22	926
23	202
515	62
22	685
212	700
24	307
302	64
11	26
585	582
248	59
266	314
983	579
678	464
108	865
11	918
565	12
113	76
178	23
50	164
101	66
60	21
64	122
736	524
859	50
491	69
983	601
0	242
910	728
232	654
782	180
246	24
20	30
129	908
24	742
406	641
44	420
54	747
737	38
167	18
45	69
48	440
439	69
144	927
491	63
109	271
18	866
251	954
146	583
284	981
24	98
412	713
5	71
268	179
22	71
341	878
306	24
217	398
467	26
208	72
47	23
784	72
282	5
42	77
943	72
23	72
232	0
807	358
655	158
439	403
23	638
112	24
25	50
253	669
50	493
336	384
57	703
898	0
17	74
18	74
203	527
561	109
199	24
22	25
201	122
729	27
950	861
35	469
557	70
50	850
370	514
73	894
68	329
225	1
783	186
74	35
75	124
0	77
978	772
90	83
17	685
57	179
878	78
512	195
345	75
993	316
332	723
270	475
461	793
312	79
292	804
621	451
826	79
182	561
71	79
50	883
505	358
21	600
1	874
268	774
559	287
23	676
617	865
79	81
701	182
793	1
11	124
22	852
23	81
592	15
899	28
23	42
24	183
25	364
705	781
27	82
898	517
50	11
35	918
5	83
518	97
18	50
231	391
96	39
51	385
108	84
57	808
54	622
59	30
63	84
842	760
23	324
24	319
311	85
730	438
828	246
886	28
748	555
169	23
24	430
566	330
504	361
45	992
148	472
22	87
56	87
85	223
25	99
26	87
50	687
223	471
277	946
23	264
24	733
25	88
26	206
27	670
757	335
42	136
44	89
54	579
879	28
53	77
859	57
297	589
206	508
241	6
377	11
22	380
964	247
655	24
737	89
508	180
453	89
790	289
11	305
998	15
540	14
487	193
345	649
193	715
0	185
38	416
462	92
205	471
23	975
907	244
495	867
22	333
23	149
613	333
238	47
26	356
314	498
75	399
647	787
675	726
415	73
0	593
2	464
634	858
206	57
102	136
255	150
467	0
295	90
386	542
839	430
913	140
674	3
359	433
68	75
305	22
405	268
20	126
22	97
23	821
99	16
506	25
26	124
861	27
332	659
254	98
58	530
59	114
63	53
10	179
544	653
129	830
84	336
89	164
318	363
701	36
772	945
575	27
255	102
803	139
89	269
31	90
121	324
666	23
452	773
336	127
484	497
431	689
802	873
11	170
17	525
278	148
554	96
773	51
83	102
448	87
27	380
781	110
643	33
794	650
149	251
93	663
111	747
845	896
1	227
699	2
475	861
611	449
107	15
103	429
289	402
259	22
630	533
974	613
364	916
22	68
476	473
193	127
315	680
718	105
66	106
320	232
101	106
886	371
1	134
653	2
135	741
987	389
941	22
606	782
24	230
696	327
830	107
352	522
478	721
59	108
720	25
68	108
227	892
96	323
2	102
48	867
1	378
79	528
7	759
25	16
743	289
258	246
20	641
960	137
23	653
24	850
25	334
52	91
230	27
23	111
436	563
40	869
108	438
769	113
535	272
568	228
109	112
576	24
11	901
472	421
163	189
686	875
23	420
17	323
18	782
295	133
22	113
534	237
720	422
25	241
121	268
731	23
26	24
192	282
26	915
99	622
904	425
834	149
169	33
36	25
738	733
946	659
4	715
473	115
237	930
676	116
229	84
491	94
67	27
387	574
27	667
95	117
58	222
218	71
113	724
621	347
104	903
464	62
82	99
114	83
76	118
739	77
408	118
928	499
113	188
844	317
69	0
539	642
204	156
411	25
825	300
5	693
946	571
125	88
89	17
96	162
104	120
756	112
357	0
778	226
832	725
320	31
961	381
38	317
43	121
939	121
94	474
365	122
72	739
17	514
759	267
315	26
76	281
433	104
319	212
585	144
838	820
105	157
892	274
753	249
859	87
88	592
84	192
878	292
502	605
113	124
119	670
526	106
305	844
893	0
849	149
2	818
267	33
20	142
107	3
473	537
741	706
0	396
817	494
390	35
17	970
221	81
583	983
938	113
333	1
353	888
309	751
22	849
68	114
735	115
124	225
125	884
331	128
427	127
0	128
20	834
977	99
549	23
24	951
25	67
124	106
700	972
124	185
714	339
126	192
61	40
146	882
513	17
502	27
0	724
889	131
860	131
567	132
11	970
490	515
967	17
401	487
232	370
198	299
2	163
4	132
240	804
289	431
905	18
22	74
23	852
751	93
702	226
22	26
27	135
209	668
382	646
457	460
812	165
50	124
51	602
59	619
34	135
301	126
124	460
547	170
0	135
939	637
356	467
708	493
17	390
22	67
23	136
721	118
310	25
26	377
627	137
17	868
18	245
23	699
24	317
25	865
915	566
92	63
966	38
76	515
49	26
152	457
739	118
757	119
680	112
103	105
215	242
124	395
822	940
985	317
718	594
255	202
115	327
329	113
108	47
119	230
869	392
651	509
262	34
48	121
259	737
50	472
173	141
52	273
185	57
399	844
378	142
23	214
101	928
712	142
317	743
529	212
281	118
121	747
645	143
129	726
71	126
23	250
559	86
108	518
159	116
186	139
952	138
131	521
492	171
961	89
402	50
202	136
24	272
215	979
35	152
283	108
124	264
753	121
72	48
75	397
78	319
82	146
353	662
706	991
268	14
18	225
22	15
23	303
384	176
25	741
764	857
101	125
127	81
134	148
215	148
0	148
1	44
479	135
31	997
33	63
36	614
211	1
44	22
765	47
237	227
83	589
102	150
106	419
439	111
133	509
315	124
625	125
63	97
738	707
620	114
569	41
124	151
753	147
329	139
608	177
87	152
89	330
361	523
579	2
696	109
356	152
35	925
436	153
103	412
44	317
50	1
7	506
68	153
281	154
16	154
22	181
23	154
24	894
25	957
26	154
25	536
143	209
781	713
986	155
81	63
508	142
553	35
898	6
269	469
20	730
43	90
739	23
221	531
25	156
294	656
566	0
73	980
153	59
220	655
316	23
958	128
673	391
296	881
124	681
551	17
139	520
677	572
473	158
456	126
229	159
788	357
163	109
608	48
50	654
491	334
403	281
105	179
913	160
89	179
90	23
311	122
738	113
762	697
390	161
933	310
337	50
148	113
149	450
89	161
340	923
84	176
876	20
255	699
879	442
116	682
725	6
675	3
137	156
584	235
23	163
635	34
346	229
837	35
551	671
149	69
152	681
26	39
578	196
289	75
22	722
22	48
36	160
138	165
276	148
209	186
152	513
331	483
816	166
114	166
324	391
137	48
630	166
147	166
52	222
125	459
87	167
253	318
174	99
67	495
285	661
416	167
450	238
943	204
148	168
699	168
194	168
876	134
535	183
206	689
684	169
8	125
400	233
432	22
2	292
22	121
108	329
480	26
173	738
31	7
317	170
131	102
846	113
488	134
24	537
679	578
144	529
151	142
425	287
558	171
60	656
74	513
389	172
970	89
898	315
833	699
693	248
880	773
57	486
59	905
650	767
136	316
43	62
552	516
519	17
170	87
36	174
96	164
831	987
111	544
77	993
189	185
4	175
0	911
11	175
293	22
897	25
97	849
108	20
239	112
518	176
497	132
729	980
507	176
679	671
647	102
99	177
21	82
319	605
118	316
949	418
125	66
160	178
56	166
169	453
94	635
175	382
0	124
2	118
44	26
208	579
628	736
472	179
607	51
354	148
57	716
790	57
170	329
89	893
85	124
947	615
72	307
613	74
727	243
124	181
125	55
501	127
581	181
152	181
148	181
143	182
442	697
993	82
39	963
615	956
932	1
277	95
169	102
276	17
366	117
147	554
148	22
73	191
414	187
17	75
78	184
34	434
218	5
381	125
802	126
136	494
839	767
179	185
368	621
5	802
22	185
23	252
786	201
76	50
906	319
39	151
11	27
290	307
78	27
81	982
194	187
736	182
905	20
722	775
959	15
649	22
618	656
152	188
161	188
163	92
338	166
357	545
179	188
181	188
69	135
902	92
87	189
474	384
103	98
186	108
113	189
151	438
488	38
386	407
280	110
585	754
805	9
22	190
166	619
167	39
22	170
179	333
628	15
652	417
35	525
361	862
384	739
74	181
901	93
247	155
159	114
645	625
179	911
181	564
188	189
906	125
910	740
91	929
89	206
135	841
791	71
921	148
777	843
199	503
179	467
141	792
957	851
50	152
605	854
38	161
881	195
970	167
179	345
305	948
761	196
260	379
127	149
132	128
623	466
162	196
64	604
900	171
951	561
59	22
704	288
77	494
81	102
334	16
95	198
446	24
58	660
904	198
186	225
28	198
469	480
109	199
37	552
657	670
805	125
423	126
224	706
207	574
947	306
53	200
969	329
71	200
72	168
179	586
688	158
523	842
234	106
969	108
698	331
880	504
246	615
94	99
63	83
87	716
528	202
274	797
904	675
131	427
860	128
153	333
276	460
901	59
113	152
324	707
935	203
921	524
194	204
520	331
285	198
202	81
682	941
681	0
545	0
232	915
81	7
11	446
552	141
113	3
98	260
455	891
806	227
101	32
164	227
113	457
124	206
125	426
726	125
985	377
93	0
98	371
767	429
902	77
597	631
651	588
138	830
0	326
11	74
666	838
23	240
24	546
17	161
776	22
23	980
24	209
757	209
26	181
586	820
577	449
271	645
829	26
137	204
234	210
472	26
733	122
819	290
25	829
20	474
12	569
14	638
22	761
23	211
149	81
645	870
434	183
57	87
809	396
92	398
38	289
30	591
289	215
950	213
643	585
711	542
151	448
578	59
602	875
11	770
148	836
151	378
971	1
155	174
777	321
196	996
77	496
848	796
560	215
293	796
209	828
742	171
73	69
506	936
599	3
810	616
388	80
584	99
27	642
363	23
359	69
844	75
148	501
53	150
229	153
159	248
214	964
125	572
333	218
879	117
145	736
19	851
166	646
840	23
492	172
179	808
180	958
104	123
91	618
83	23
131	693
98	683
816	139
922	471
903	124
215	467
114	113
78	503
867	221
157	763
48	657
275	337
467	514
82	741
527	50
95	580
826	4
75	420
703	188
401	297
359	25
313	315
872	82
379	437
486	739
107	223
242	108
683	945
658	208
382	218
642	19
1	722
667	0
713	291
18	346
162	87
163	225
935	220
26	17
179	994
556	498
128	801
124	42
383	64
139	225
148	613
954	127
113	566
140	441
214	873
414	261
548	733
503	482
844	227
887	532
134	227
955	228
308	228
887	558
210	856
124	251
546	228
191	832
446	500
79	401
382	229
783	801
89	22
113	712
124	229
179	893
605	230
282	47
779	642
571	263
125	124
15	230
250	522
62	168
84	62
154	426
27	769
834	83
140	92
136	518
109	125
738	141
289	142
148	232
155	629
462	653
564	152
356	185
308	952
346	148
183	423
207	443
668	476
50	390
171	811
27	741
115	805
681	179
181	234
7	916
0	179
2	235
6	235
591	973
16	575
73	183
124	837
148	30
883	236
521	765
19	155
50	370
232	206
264	925
475	506
88	135
148	237
527	237
592	700
979	189
161	237
206	269
211	20
24	856
56	446
548	473
345	790
372	779
162	57
983	270
534	181
182	239
230	239
189	344
160	440
168	240
997	174
40	946
348	205
307	208
907	211
121	240
94	410
285	711
161	416
162	26
163	255
884	339
16	595
441	403
858	242
469	148
486	427
534	356
139	242
177	600
588	540
772	172
17	938
694	541
244	472
124	370
438	484
153	142
94	135
826	406
687	57
26	151
162	244
789	897
227	245
906	415
237	525
62	240
113	242
749	243
50	126
492	51
62	124
534	560
387	899
4	79
84	218
293	91
78	636
867	36
24	410
25	256
243	380
27	465
442	499
124	248
342	126
370	915
211	166
893	148
0	161
355	46
548	24
563	312
218	249
247	221
227	436
246	143
11	44
527	416
714	652
154	133
163	250
113	1
446	166
397	770
131	520
226	922
103	815
56	131
161	22
163	169
109	785
47	59
134	142
62	252
815	102
543	466
979	113
356	244
11	397
71	23
337	356
74	1
82	413
85	298
417	569
35	17
689	17
44	38
47	591
486	340
152	823
960	798
628	143
241	247
2	518
304	255
297	248
11	89
23	423
570	677
124	87
835	283
889	639
164	148
235	539
166	47
153	132
144	120
148	737
151	345
232	152
72	707
160	490
978	296
486	97
362	782
125	419
82	22
961	677
672	148
148	259
676	935
665	215
163	647
766	684
336	485
179	259
672	497
868	63
683	220
75	180
89	124
486	524
104	260
149	5
97	149
210	473
128	211
960	261
90	261
287	55
108	309
300	848
329	166
326	672
320	90
662	329
127	5
22	206
221	359
130	24
768	580
710	263
942	80
219	28
825	28
124	683
75	435
338	436
108	211
297	868
89	264
922	28
414	0
460	185
452	110
286	24
658	265
950	482
995	17
22	373
126	266
67	433
921	545
729	851
239	957
775	75
63	267
92	509
59	93
705	100
81	340
494	267
57	188
189	11
128	147
194	414
62	268
511	197
902	268
409	440
716	148
216	45
50	244
211	679
564	337
869	558
36	270
454	774
42	267
21	270
564	50
401	59
72	270
127	643
951	233
131	147
968	355
341	256
815	157
189	564
113	458
734	130
236	272
239	605
403	77
377	394
180	134
114	139
989	23
214	5
215	893
538	307
65	148
619	193
5	973
803	96
11	164
56	148
227	606
948	274
294	504
22	35
406	71
215	275
885	334
359	261
516	25
26	275
181	276
915	185
626	73
513	390
873	249
196	188
823	276
7	448
216	137
313	95
426	953
457	979
167	488
189	180
124	990
954	5
16	262
542	781
110	226
23	651
493	367
216	43
114	56
25	670
765	229
0	534
886	171
63	139
610	690
376	468
597	15
244	179
4	681
233	182
62	111
414	118
0	484
86	360
460	148
26	439
150	501
912	655
698	801
834	401
498	187
2	47
214	891
237	75
14	76
97	406
998	459
315	846
259	275
434	119
821	283
186	227
246	704
197	378
763	285
26	148
917	953
24	531
309	455
378	18
793	274
289	708
941	582
588	281
0	560
1	488
148	18
609	152
438	0
275	915
694	421
947	143
104	773
26	128
444	291
135	924
182	271
104	452
50	215
871	68
912	212
185	493
877	288
106	381
149	53
57	330
987	64
235	99
239	890
242	17
681	244
245	11
467	275
16	270
570	696
258	73
931	125
155	290
945	113
425	286
0	776
816	619
904	955
294	660
695	728
494	97
26	316
660	981
63	7
69	309
446	354
353	96
500	142
55	949
114	47
865	293
510	149
93	483
318	875
795	459
153	382
541	838
648	23
215	124
232	493
236	526
874	244
409	256
107	66
87	17
483	131
818	295
93	5
121	295
193	510
476	24
321	296
106	158
280	443
483	128
808	703
702	300
315	98
766	25
363	236
490	252
215	259
319	807
556	699
275	162
266	401
269	330
437	273
519	542
4	406
97	340
990	88
436	620
559	125
907	329
27	709
523	848
231	208
900	223
113	654
308	210
412	760
52	557
132	131
29	91
418	686
250	588
120	552
24	325
191	25
448	170
100	648
103	848
247	160
562	70
242	578
701	824
545	259
262	241
985	264
0	508
672	108
312	71
10	303
217	14
203	386
192	23
335	877
11	662
316	304
263	862
653	304
125	9
715	126
919	26
227	305
23	494
24	109
25	701
746	976
495	600
604	607
317	991
3	27
335	15
926	160
244	514
497	671
464	150
555	279
216	72
1	75
971	23
247	113
31	76
226	794
231	252
813	158
718	557
250	403
250	833
700	957
316	42
564	179
22	937
11	488
147	309
22	76
231	146
326	134
146	581
147	446
980	88
152	357
194	90
275	979
6	67
459	652
340	312
838	291
161	431
189	164
249	169
829	600
423	465
248	312
276	527
937	312
628	428
301	312
114	458
366	865
875	313
49	261
860	50
776	179
816	59
97	314
481	263
151	488
63	782
27	423
53	800
23	18
217	405
206	315
194	261
211	458
441	231
178	391
435	56
113	87
148	553
393	125
581	695
21	235
166	139
140	316
847	189
853	316
0	457
1	317
11	317
354	234
23	121
111	462
124	294
124	38
125	318
470	414
229	406
129	381
803	338
1	458
353	264
268	7
165	541
347	260
229	138
840	622
134	245
250	320
259	333
816	671
81	92
472	275
137	265
161	44
222	321
412	124
223	719
395	311
509	2
37	15
0	431
42	322
50	514
92	647
428	422
510	71
305	323
367	274
848	542
146	177
317	323
0	64
23	292
986	324
211	186
221	324
222	418
232	315
981	451
202	324
39	329
241	433
756	325
870	306
910	270
89	403
276	162
249	5
82	60
259	370
17	237
269	370
276	215
283	267
215	527
641	427
206	330
175	131
699	587
236	130
244	469
305	876
481	719
315	328
848	328
67	15
719	675
988	105
114	596
492	198
186	329
372	444
262	415
696	223
53	127
598	260
152	215
322	218
985	44
812	158
244	232
18	435
471	468
132	331
1	0
357	22
16	82
402	17
198	22
850	385
603	47
304	731
583	622
398	150
252	341
683	332
526	568
315	333
566	692
0	333
1	215
11	87
538	16
168	960
474	803
185	181
996	925
859	188
513	402
609	206
221	121
381	881
38	809
173	335
445	463
900	499
246	505
448	375
176	456
330	26
344	517
480	0
596	166
153	108
315	337
750	125
399	317
318	407
734	812
330	823
0	514
23	30
548	463
630	338
465	88
211	338
242	147
277	260
566	356
130	813
41	479
852	133
392	713
135	45
508	147
258	308
152	244
785	16
162	467
62	357
25	388
176	340
66	148
79	791
82	341
807	459
241	84
992	92
97	940
166	342
167	11
170	131
606	1
188	22
192	342
80	141
89	420
81	53
82	495
984	84
829	752
888	53
98	277
22	344
473	445
294	726
204	118
26	344
635	88
289	525
105	562
944	125
79	533
112	670
18	345
738	78
928	28
113	356
167	346
22	120
124	346
964	126
369	131
394	11
900	922
400	24
237	480
562	220
761	517
84	901
117	61
59	871
68	71
34	88
278	3
111	494
197	281
197	88
816	202
792	430
108	630
47	375
50	148
68	59
57	75
315	113
252	583
125	350
508	435
275	22
756	52
212	143
511	24
120	351
429	313
125	205
127	684
737	370
317	185
315	893
217	121
317	712
531	233
377	708
69	231
188	564
318	856
263	103
479	742
637	303
305	353
612	116
828	645
68	940
420	74
78	813
482	21
11	613
105	29
282	354
217	983
590	355
384	193
69	625
151	323
192	251
515	509
206	461
209	88
218	266
232	356
389	502
322	789
248	113
524	357
113	357
287	443
124	357
413	230
797	124
767	349
237	269
265	54
631	246
536	99
973	472
141	358
526	856
179	370
487	826
162	188
815	481
190	976
22	179
574	302
62	627
68	331
66	360
528	53
402	75
2	76
133	673
852	156
68	901
27	134
152	370
46	144
260	449
931	86
506	99
75	362
148	124
87	687
89	362
90	121
5	192
666	9
454	466
207	640
179	968
554	497
631	350
346	333
262	511
934	265
25	82
641	266
244	185
177	2
900	919
688	393
475	160
188	863
860	114
180	970
337	232
195	365
148	517
150	281
152	211
181	315
861	60
982	456
193	282
533	218
908	755
323	876
136	118
336	849
124	333
303	341
349	220
248	817
203	519
923	510
486	200
229	20
244	22
30	369
75	809
39	127
44	524
54	540
191	605
444	100
788	18
686	46
560	181
147	139
525	161
79	97
18	1
724	57
923	149
367	227
541	125
457	244
918	289
188	264
63	204
864	24
90	187
666	848
137	522
124	372
566	196
289	373
802	453
248	964
304	787
242	305
161	373
315	148
0	20
9	298
453	176
249	20
845	22
181	911
24	233
898	181
188	269
797	134
394	142
163	200
206	148
215	22
335	41
283	251
132	218
368	100
573	676
532	376
432	37
474	693
142	1
844	797
245	551
5	369
51	558
799	260
186	147
113	259
14	341
829	440
193	984
536	137
907	108
24	900
26	576
20	83
124	438
17	225
457	260
922	64
615	80
303	380
717	737
79	83
318	442
50	113
376	195
946	742
874	337
741	478
133	971
266	175
22	169
250	316
904	570
768	124
403	464
166	93
176	83
220	617
11	494
179	148
180	232
67	182
642	475
222	949
25	706
390	692
126	873
283	22
231	307
225	309
535	109
845	387
63	126
397	180
361	260
353	846
624	385
157	203
39	211
216	310
960	818
378	44
113	0
227	469
755	95
792	896
600	729
733	387
68	14
745	379
822	131
72	944
357	472
495	243
66	117
186	646
434	27
127	79
208	216
418	388
21	478
264	17
682	191
377	128
807	570
596	128
812	138
625	205
240	140
124	968
651	140
276	330
111	295
11	35
997	818
738	877
585	762
595	270
201	333
115	358
250	739
344	50
517	0
63	392
776	493
370	330
471	604
666	392
360	990
908	85
57	553
189	315
127	494
279	424
931	393
89	87
33	821
330	181
333	761
402	467
485	342
44	394
346	394
945	124
98	980
75	513
287	697
681	395
668	88
89	74
36	601
710	257
142	39
180	687
245	75
188	396
724	196
525	167
201	100
578	326
531	306
384	4
54	303
345	397
196	113
593	218
134	846
42	118
54	48
656	236
536	156
134	420
394	378
0	152
863	808
678	658
8	205
11	142
553	420
438	142
167	75
491	665
131	596
915	179
181	215
344	480
621	717
88	830
283	401
390	245
44	151
277	418
906	668
26	514
50	467
337	370
390	402
196	344
357	179
49	404
224	933
62	92
426	677
74	0
365	83
90	252
820	702
276	609
630	132
394	488
304	7
309	497
552	640
50	315
316	913
841	990
328	372
780	971
320	405
278	207
134	274
416	87
266	964
162	269
404	148
181	151
284	855
87	809
20	984
106	286
23	407
449	407
647	663
90	168
778	705
539	19
802	905
798	408
325	15
591	408
126	888
609	390
408	992
863	703
179	167
801	47
111	989
755	182
1	679
4	763
113	913
414	410
813	445
960	23
686	899
42	150
152	162
460	330
301	71
179	613
472	0
700	448
774	717
232	259
219	223
740	829
344	259
929	412
74	396
98	668
56	331
909	15
749	583
492	682
644	725
282	83
312	146
0	315
800	316
578	671
382	47
232	457
344	898
157	65
119	415
746	41
5	97
511	505
153	336
699	136
42	84
997	231
341	727
345	416
346	416
68	354
251	587
319	141
294	920
269	893
502	183
188	186
113	417
844	170
232	57
268	322
237	315
348	632
986	934
21	936
93	653
882	701
393	419
399	89
96	806
310	99
254	419
176	79
251	849
24	636
702	257
674	101
44	802
396	722
244	113
480	87
237	179
659	70
148	57
463	125
23	528
456	127
700	183
176	450
199	561
211	96
663	20
253	86
232	560
422	792
616	262
444	437
14	19
363	125
479	3
310	433
410	784
129	550
394	180
95	371
242	274
399	17
404	499
265	43
408	48
796	273
679	124
0	543
864	828
112	10
136	798
445	426
326	147
467	148
355	621
152	744
98	736
430	143
23	427
380	627
179	927
46	449
469	394
780	787
475	629
897	21
450	232
139	23
488	416
325	428
985	180
161	420
382	126
694	623
406	227
357	244
362	770
956	236
650	976
470	780
472	436
224	148
151	164
124	496
411	440
47	200
120	299
689	57
57	431
75	431
975	76
244	180
724	703
353	242
142	420
1	151
305	18
236	631
342	406
744	26
511	325
924	644
934	608
130	158
301	297
312	643
113	994
124	898
490	261
127	150
132	159
544	133
213	88
177	475
783	175
75	921
514	206
185	26
186	698
196	74
235	495
56	500
139	128
164	724
148	39
149	316
152	275
184	197
457	275
779	861
301	834
28	95
378	367
5	455
364	352
321	457
369	93
111	487
190	811
803	438
384	84
902	150
697	365
494	439
340	297
248	147
250	439
127	42
77	281
660	105
315	356
420	431
124	91
793	353
340	149
529	112
210	636
524	127
509	155
814	548
289	161
6	290
188	527
696	442
191	27
196	770
995	367
84	659
215	344
327	443
242	333
470	23
419	443
353	563
253	443
485	791
333	232
81	885
710	559
342	71
876	353
576	612
113	23
203	116
212	109
284	733
434	924
295	584
403	494
259	50
759	150
267	346
956	348
257	105
68	446
367	1
788	74
425	830
899	9
51	447
145	341
150	121
600	310
1	685
574	626
457	420
295	268
89	25
300	328
352	168
754	988
245	317
634	367
595	601
516	924
178	265
179	446
730	964
474	446
731	255
26	265
1	963
251	63
175	715
3	387
0	501
500	5
871	801
862	451
468	226
491	24
368	136
420	722
47	181
123	855
573	768
127	747
795	452
283	218
229	453
22	142
23	993
333	148
90	150
151	35
436	375
833	229
990	306
179	17
545	870
169	76
196	776
799	151
893	244
93	455
249	455
486	455
472	133
179	206
278	275
108	316
114	238
152	124
306	143
458	497
676	349
151	606
179	457
564	457
185	457
888	79
188	915
189	457
90	824
28	987
142	797
142	18
133	462
485	149
332	437
39	712
326	435
438	662
144	504
239	981
262	256
81	83
473	8
386	590
416	75
514	420
402	967
489	239
431	460
124	153
609	22
1	775
226	123
485	322
43	804
620	458
218	114
162	493
314	304
178	240
127	462
180	1
641	71
26	737
154	2
680	143
911	189
665	785
17	480
548	125
23	730
162	167
333	909
435	314
26	96
638	939
0	448
3	287
83	312
635	465
84	5
196	189
406	192
215	57
230	191
821	643
494	14
277	661
421	466
913	515
594	122
389	697
113	467
106	223
461	966
649	925
181	467
100	760
737	237
128	793
259	181
337	124
473	819
862	407
315	468
819	94
74	38
414	281
93	672
661	465
113	469
183	119
554	71
149	470
151	461
177	246
379	764
315	145
0	25
161	716
272	546
400	422
24	896
25	695
26	560
695	27
195	481
143	24
148	898
143	999
150	92
714	278
152	472
161	35
425	195
151	166
248	114
251	316
532	259
385	660
532	299
528	200
225	907
218	20
214	474
78	24
574	138
264	354
885	256
651	439
264	179
956	258
258	228
142	375
391	204
520	672
429	444
178	295
392	40
845	493
65	903
497	20
832	477
324	156
324	22
330	87
74	390
339	417
365	24
50	436
491	213
460	87
185	472
495	478
14	474
475	478
761	315
504	49
740	94
391	637
6	867
305	375
416	237
846	480
206	480
289	57
623	3
242	225
883	284
24	212
168	23
323	551
420	345
145	124
275	356
186	17
378	245
440	25
223	55
877	482
237	467
232	181
552	482
18	844
89	513
472	345
108	483
474	483
495	160
476	568
0	846
161	708
465	413
455	22
73	24
803	484
233	561
89	609
953	28
115	463
5	485
8	445
387	677
134	461
554	283
330	859
5	312
628	465
333	113
338	620
606	44
125	3
411	359
474	249
277	417
224	177
458	96
771	99
0	402
169	63
97	114
181	567
688	125
909	25
671	326
146	243
474	153
619	975
130	610
477	489
508	274
386	965
647	629
63	654
206	74
180	378
753	114
206	181
450	97
123	666
22	431
326	338
479	471
883	109
284	443
23	281
457	681
125	86
472	766
408	739
908	350
328	519
613	564
46	799
375	493
943	36
738	864
402	918
405	137
507	456
109	737
340	494
119	432
306	815
150	494
151	87
757	434
161	732
89	620
343	24
916	102
482	135
377	340
887	198
645	473
453	835
39	305
134	89
98	64
435	108
12	842
23	496
38	633
166	753
315	177
435	497
173	209
76	133
863	11
102	267
124	590
323	892
118	993
529	10
477	73
126	485
662	211
651	424
199	810
127	97
166	50
572	426
450	401
93	159
114	500
128	500
131	500
17	745
140	23
88	143
472	394
281	441
474	30
578	633
81	486
491	16
86	599
127	518
0	142
225	458
380	943
197	0
405	240
894	502
196	874
197	25
710	123
56	753
183	640
702	103
401	133
493	75
417	842
293	723
479	512
4	124
125	371
760	157
758	264
755	210
29	285
899	287
763	429
620	438
272	505
367	89
370	113
779	34
390	38
140	2
19	506
681	898
491	21
125	532
684	507
2	290
682	447
44	488
315	53
806	367
544	408
0	527
852	54
521	4
384	817
394	1
398	295
962	805
306	503
251	83
3	320
322	556
606	331
214	30
384	510
0	206
396	89
474	510
90	78
406	322
79	937
239	644
945	321
526	125
248	175
555	565
398	507
148	512
812	308
955	512
298	512
503	428
437	682
926	536
333	317
347	110
113	179
835	114
609	513
128	108
140	265
87	514
278	805
499	624
113	514
124	514
908	125
513	970
154	515
140	217
719	64
384	521
181	0
187	515
189	275
26	416
419	912
350	115
300	843
435	147
436	448
813	129
247	99
581	953
259	517
975	549
22	691
276	517
257	978
55	604
159	995
59	131
164	276
561	645
148	167
175	114
144	602
22	654
23	556
228	24
316	496
564	26
339	125
152	179
73	262
83	521
991	607
448	484
958	613
342	450
22	935
646	521
297	97
275	50
185	276
159	382
232	874
688	13
540	462
336	5
50	357
146	178
346	74
342	79
57	344
386	523
606	237
735	572
244	276
301	33
266	131
415	616
269	480
551	420
273	562
454	694
160	701
457	524
164	525
457	148
53	251
464	23
40	117
670	894
208	581
574	425
101	661
109	526
917	374
643	2
373	467
22	469
309	508
688	165
921	315
476	258
737	152
729	25
330	527
93	131
981	263
714	661
28	880
71	96
379	148
753	905
124	545
284	899
926	290
370	333
463	704
544	540
713	760
853	251
716	269
347	365
919	139
777	519
241	516
406	149
686	746
430	531
812	476
436	905
158	998
440	740
307	137
746	795
78	644
280	49
22	572
360	576
113	829
125	190
362	11
889	93
971	800
148	187
264	180
153	533
765	533
658	579
517	152
520	68
337	534
527	534
207	298
571	442
593	474
616	388
408	204
724	244
912	165
330	0
18	151
748	368
259	269
96	317
19	36
421	768
417	144
24	943
864	537
79	126
726	537
87	779
424	669
167	180
226	437
265	324
411	538
524	206
614	538
589	474
601	538
313	347
830	655
130	80
443	441
409	665
228	165
89	930
620	147
333	50
422	27
458	446
199	680
160	601
71	477
89	958
8	878
927	321
235	36
193	5
114	619
18	448
967	75
897	695
401	170
196	356
255	647
476	86
181	269
339	906
742	425
677	124
534	467
840	208
6	543
828	877
980	183
90	544
663	68
928	285
113	462
604	445
604	110
361	814
186	167
149	33
114	806
982	238
179	545
30	835
181	275
42	7
146	539
606	18
108	225
831	524
131	83
326	274
498	150
289	151
670	477
139	159
305	547
775	416
707	163
206	189
148	458
955	548
399	151
406	238
390	44
132	56
568	597
409	491
892	113
902	21
441	549
437	129
618	26
52	577
424	468
526	550
190	287
392	41
475	690
710	550
930	758
215	370
377	461
269	148
467	524
99	140
472	22
20	214
650	778
345	633
346	461
75	958
720	552
139	369
263	257
259	185
113	27
377	788
269	276
747	462
10	45
436	225
156	440
93	68
710	523
460	152
163	464
113	237
955	443
131	249
732	167
599	195
875	931
474	132
329	315
319	325
801	309
329	326
866	142
355	762
192	715
503	335
56	664
263	300
593	470
517	472
473	130
152	545
279	557
892	96
62	194
54	174
529	463
513	87
256	516
567	185
54	324
189	467
269	553
58	386
348	115
549	140
92	23
24	425
77	251
955	855
431	918
808	566
457	560
18	461
981	573
805	419
24	998
457	50
333	457
477	851
253	125
844	448
97	0
460	687
175	817
628	720
164	399
23	31
529	136
524	469
497	563
227	563
633	167
517	196
684	79
275	911
204	986
513	315
514	564
87	609
527	269
534	564
681	689
381	473
11	23
429	565
22	637
23	77
259	124
152	26
866	161
472	560
169	53
474	175
770	180
185	566
564	567
566	567
0	567
1	567
8	814
625	115
16	94
3	794
149	113
439	408
561	568
331	22
457	898
460	925
185	823
72	82
154	77
200	63
206	215
769	358
517	232
79	59
524	113
254	711
81	780
715	282
895	570
96	242
113	275
773	571
309	337
375	128
359	24
461	148
634	712
168	261
796	155
305	167
48	852
317	22
421	543
40	987
452	820
783	93
30	249
734	66
40	219
603	248
677	884
756	228
534	50
176	251
683	929
418	548
944	755
556	118
226	49
978	582
507	315
475	575
84	151
583	261
402	164
148	196
755	278
333	87
88	576
740	516
52	523
67	475
317	113
25	872
726	112
172	116
230	489
407	659
549	462
327	655
75	525
153	691
448	134
557	13
493	472
956	473
174	666
80	129
79	891
348	327
501	316
900	855
7	556
640	239
180	215
29	777
179	315
557	580
869	302
777	865
506	6
890	511
591	4
772	233
431	525
524	50
527	113
931	32
105	582
628	325
898	113
668	272
437	149
705	379
809	373
375	806
136	954
882	94
380	583
388	505
704	23
237	181
139	942
186	435
682	273
196	22
459	697
202	154
169	238
187	240
555	190
201	585
960	43
855	85
154	439
982	71
87	289
122	98
856	807
750	234
369	114
349	815
474	47
724	245
730	249
23	51
472	457
280	922
63	427
217	588
310	156
636	586
2	588
786	519
19	926
20	494
199	363
685	966
365	9
113	669
450	589
745	847
126	23
519	590
105	723
418	468
423	268
748	429
884	327
438	274
478	241
216	600
81	833
919	630
681	18
692	915
236	24
307	522
768	12
612	696
378	124
163	118
289	996
176	126
427	528
83	331
74	151
56	833
692	337
826	342
524	232
307	155
366	594
69	25
279	157
175	84
22	898
785	262
817	331
53	427
954	800
82	739
367	96
42	312
732	396
147	596
782	151
680	233
258	112
590	293
288	736
401	225
50	232
748	12
524	692
89	75
473	657
315	192
139	108
473	66
124	111
42	470
106	807
911	333
826	124
74	787
400	597
90	470
368	555
938	18
118	255
370	22
740	334
793	497
50	185
57	237
287	117
688	124
368	254
145	72
8	348
986	637
838	41
87	925
0	89
350	107
113	966
22	602
847	565
922	602
877	839
113	517
999	388
28	299
315	87
319	10
322	136
107	125
841	651
93	603
995	142
932	333
809	74
193	149
96	438
189	884
778	451
272	65
524	275
580	58
213	638
759	549
551	346
366	580
125	725
318	286
470	267
142	606
547	242
390	606
546	177
566	152
96	436
233	287
401	22
460	315
648	607
175	89
949	607
276	87
22	124
23	320
121	608
25	262
55	756
740	933
593	79
596	149
218	822
0	609
214	889
8	610
333	275
448	42
87	469
102	77
104	558
187	579
774	820
787	136
452	763
726	348
484	53
126	141
124	564
466	617
587	316
784	411
438	472
456	641
346	378
22	119
473	612
530	702
592	24
113	613
629	307
474	159
124	613
182	24
18	134
34	25
51	285
152	333
14	47
468	715
56	593
154	118
124	654
46	122
59	124
693	132
288	615
23	441
936	882
7	23
102	76
477	657
610	122
605	516
281	131
878	616
72	155
142	461
808	215
386	22
158	611
506	608
52	558
113	161
589	309
315	618
181	402
830	850
219	125
627	391
875	51
543	447
603	153
126	229
478	506
139	619
12	349
88	309
593	882
416	0
301	486
4	639
985	323
114	131
74	26
555	386
981	219
721	140
31	2
148	185
337	188
448	211
457	357
342	114
457	915
23	853
433	727
974	472
527	480
979	930
50	305
151	553
602	879
929	617
769	80
784	824
22	356
161	808
739	588
988	116
125	735
190	404
872	536
121	63
465	34
33	888
213	595
517	17
180	44
858	331
338	93
794	451
470	81
338	331
662	370
354	984
738	24
457	679
131	47
931	387
845	197
338	147
61	949
565	795
626	850
148	495
510	765
564	467
152	337
217	261
932	357
358	212
367	134
185	370
807	441
244	613
761	357
596	630
338	969
469	237
613	181
595	614
476	138
0	11
383	124
207	86
112	209
305	362
309	712
315	436
258	631
323	142
553	513
334	632
213	411
786	669
493	356
357	185
89	633
50	161
75	633
124	633
74	633
642	538
132	93
458	833
901	331
375	634
393	634
21	241
134	108
406	83
423	635
145	168
352	140
194	25
598	163
706	154
64	171
225	435
440	247
604	652
24	115
156	19
472	921
473	636
262	410
44	416
422	25
286	327
545	472
81	916
540	252
353	211
394	345
302	953
475	359
969	128
357	370
25	202
959	24
365	580
124	161
326	11
329	639
153	639
331	639
575	655
171	254
458	139
605	222
721	2
602	302
717	171
329	533
408	462
135	25
441	651
609	237
457	315
133	140
632	505
469	633
404	376
247	642
248	4
612	541
22	62
493	864
87	206
10	88
184	673
149	643
847	343
140	154
56	186
644	433
406	691
314	81
875	87
92	897
25	94
670	819
472	689
205	124
24	645
481	690
435	11
551	134
141	235
166	83
689	276
282	124
149	7
227	18
124	39
214	982
216	352
227	274
791	238
810	258
97	126
323	134
236	655
51	648
460	35
847	772
657	118
674	499
781	523
152	654
344	113
259	56
38	649
370	649
74	373
390	649
573	421
68	889
457	921
761	994
108	547
845	592
460	264
260	879
151	0
917	976
852	939
630	56
424	750
637	241
592	308
401	494
416	396
588	107
459	9
453	84
457	259
646	603
92	840
608	295
882	939
392	624
752	73
633	317
613	855
743	431
717	374
338	180
997	505
22	28
221	160
926	145
435	309
490	90
795	389
626	271
402	38
66	426
562	827
100	656
113	656
147	114
25	477
132	23
744	124
627	307
87	35
642	657
24	141
179	654
655	931
74	514
159	84
380	658
113	20
24	658
121	658
124	224
683	838
401	406
880	811
544	804
22	895
50	227
872	861
174	15
239	894
244	275
545	113
252	111
253	104
789	577
444	660
276	373
326	375
434	385
795	965
253	363
200	954
734	526
674	675
650	201
682	827
57	113
847	965
309	458
909	428
420	399
194	252
921	124
416	963
84	663
487	663
315	196
114	563
322	169
283	4
382	664
333	181
132	664
289	685
402	22
6	82
892	142
598	100
438	375
76	678
521	693
26	378
71	83
549	2
81	97
651	699
89	685
93	126
433	334
126	496
10	667
179	1
764	942
502	644
0	912
372	279
775	164
108	166
490	23
732	75
498	6
182	668
410	491
690	720
64	895
34	423
611	829
383	298
843	669
975	403
397	245
112	610
422	771
836	153
275	517
457	22
247	21
163	731
438	671
714	311
342	384
259	464
179	780
136	84
914	101
436	672
96	672
358	182
874	911
419	459
698	124
907	193
840	673
884	576
727	673
152	330
791	315
587	340
291	794
583	739
22	994
776	124
566	716
493	152
937	507
15	586
432	88
201	347
348	124
356	162
64	869
945	676
822	533
168	60
222	51
467	911
916	316
564	344
25	629
110	786
153	338
517	124
549	707
869	442
539	31
316	238
267	7
185	269
60	99
132	186
316	888
692	188
765	113
242	131
399	44
367	679
242	508
252	936
420	679
920	366
254	719
336	238
337	215
345	11
983	2
265	522
320	111
950	706
315	681
564	185
301	176
135	92
534	22
688	74
9	599
767	682
681	259
489	27
715	266
315	493
786	442
162	402
238	322
988	683
227	22
301	5
345	134
21	36
206	71
402	125
517	22
836	317
23	522
698	274
102	154
124	685
5	663
394	134
810	197
11	151
151	397
0	7
396	469
401	455
402	87
757	37
343	454
965	686
813	529
431	687
337	808
170	438
852	608
442	85
865	682
409	16
683	903
237	289
247	19
431	480
37	632
824	6
289	689
11	420
27	187
22	689
194	939
24	839
101	212
734	690
22	152
322	23
236	690
25	150
2	92
330	337
282	853
288	3
186	835
300	862
312	691
22	624
511	233
867	581
703	692
527	692
545	73
402	553
563	948
564	692
22	23
238	849
59	693
709	60
867	0
89	317
155	216
178	62
439	121
166	269
785	872
580	694
577	694
639	248
177	440
558	351
687	685
271	998
316	382
124	1
6	695
982	800
305	134
73	695
475	614
534	113
447	25
19	478
754	617
592	957
903	260
361	710
685	436
367	508
97	4
436	484
740	779
391	261
496	76
785	600
498	261
54	14
992	515
244	225
593	664
996	17
567	215
290	490
756	586
310	23
573	942
430	49
958	399
148	17
668	78
341	478
534	921
275	545
896	205
57	0
560	276
400	503
567	189
305	679
315	816
888	507
667	135
323	634
448	948
185	188
274	74
0	493
806	134
313	100
124	560
495	6
272	568
25	152
626	236
32	704
472	639
638	658
633	346
859	460
159	108
580	705
921	113
360	652
559	576
622	410
111	880
665	872
554	520
21	706
22	233
27	94
24	572
25	2
62	771
514	344
524	162
152	259
586	237
388	586
535	158
111	187
31	356
323	39
24	358
323	775
373	708
375	147
518	63
854	924
801	108
710	280
335	709
54	145
390	685
227	326
334	262
229	152
334	409
472	25
108	0
174	92
650	621
95	978
200	314
179	587
676	105
677	3
792	432
274	712
501	833
375	712
748	902
323	712
20	301
326	712
70	577
498	88
571	713
638	324
259	337
191	60
752	728
708	716
709	695
712	367
0	125
1	508
453	474
221	15
6	614
545	315
546	626
554	715
177	243
731	136
588	76
428	197
735	473
570	443
437	617
135	364
96	547
142	716
93	488
737	493
152	874
83	853
454	376
47	159
467	124
760	718
165	733
123	796
25	740
424	417
978	718
185	925
118	494
977	719
925	17
779	94
419	473
381	719
373	732
378	732
24	668
729	45
535	288
422	184
605	119
69	725
22	681
545	22
92	22
629	601
922	428
854	239
707	721
269	566
804	90
430	34
665	16
540	405
232	189
232	681
621	723
323	227
412	723
354	322
310	611
2	320
421	723
148	545
58	774
720	184
74	164
307	221
690	473
514	724
752	25
73	725
316	7
79	322
868	83
334	27
606	89
498	77
303	155
153	127
514	823
244	134
142	513
529	24
579	204
416	420
55	278
194	118
824	727
75	11
216	727
390	469
167	1
132	169
551	170
641	455
189	22
709	728
752	475
114	436
42	115
215	724
119	729
802	401
572	409
156	23
535	24
545	681
235	544
164	315
96	153
619	753
162	527
149	731
124	731
587	59
282	791
180	26
185	87
722	576
0	289
1	732
704	541
8	734
251	23
22	318
339	612
448	458
334	440
368	51
222	702
228	143
215	244
405	380
14	221
784	235
87	461
798	556
841	3
107	468
356	0
681	356
370	148
85	719
148	654
553	317
603	497
426	205
106	736
837	617
810	107
704	125
620	846
449	374
306	209
176	868
514	181
610	138
196	161
206	402
917	717
770	227
477	738
1	525
139	2
223	559
465	432
401	354
492	299
76	739
94	665
427	97
341	595
498	127
124	722
443	86
547	329
266	474
558	569
280	773
237	87
162	567
26	225
439	549
21	741
16	256
457	514
74	673
69	459
296	742
909	631
373	399
649	167
904	652
333	669
672	461
342	5
102	301
461	245
94	910
968	356
26	357
142	679
457	744
54	352
461	317
650	148
333	517
773	746
67	146
96	919
627	67
333	914
795	110
344	237
322	71
192	401
514	189
952	814
695	670
530	746
75	703
205	350
717	746
314	973
960	155
83	192
87	473
484	237
113	460
22	716
74	75
198	537
496	651
133	121
356	124
624	376
114	132
54	943
242	186
334	475
145	749
292	721
510	472
724	22
451	429
368	58
26	276
0	761
38	722
27	241
675	750
166	751
648	820
219	234
678	2
225	751
801	751
232	26
776	663
947	704
691	83
737	124
597	10
54	22
224	740
115	445
152	315
266	603
846	96
271	537
281	316
238	23
165	476
167	527
904	195
499	254
708	480
318	661
366	754
296	124
175	23
10	465
598	120
445	129
127	759
450	322
298	856
524	333
453	461
682	395
220	429
912	535
957	10
684	937
1	330
3	419
6	14
317	17
22	127
372	24
38	91
179	316
279	493
534	460
974	634
959	552
297	200
681	524
312	528
297	83
432	700
858	11
323	89
214	84
976	434
210	327
686	67
22	159
352	150
857	109
432	878
330	467
930	469
472	124
473	541
1	578
677	101
291	789
190	762
976	762
222	772
740	489
301	200
624	389
113	493
644	400
179	356
821	507
20	336
123	772
652	763
24	505
984	715
788	431
441	111
87	689
692	124
695	890
98	28
473	550
353	827
564	215
461	892
567	514
825	374
299	711
3	738
301	81
23	766
575	235
314	834
102	766
627	72
493	148
972	494
517	500
256	506
511	434
530	327
361	257
723	296
983	121
370	26
581	752
105	768
565	768
124	196
287	298
568	141
511	959
371	977
202	316
475	174
324	629
612	903
587	292
96	858
229	639
793	672
378	770
649	770
206	162
802	84
324	204
34	19
493	457
858	305
1	410
50	189
271	535
309	563
315	472
167	484
317	148
670	546
724	344
560	744
659	343
379	565
626	24
457	161
516	24
681	976
371	15
70	988
19	426
635	738
816	739
913	23
781	291
662	305
517	45
679	547
455	973
689	188
71	691
408	140
180	672
326	461
455	126
27	364
457	613
499	742
456	522
923	140
516	10
67	82
25	466
584	155
751	497
474	82
257	492
467	357
509	240
899	125
222	425
371	55
663	382
668	505
681	113
56	41
160	581
625	66
972	491
304	498
328	339
8	210
786	796
518	316
524	737
876	47
300	116
330	333
886	125
338	554
349	811
860	218
357	196
966	402
1	633
316	643
44	649
1	237
671	211
681	737
845	605
619	783
630	783
634	305
646	229
932	654
489	10
219	0
456	53
317	394
322	20
76	731
913	111
559	117
558	745
451	444
393	110
632	363
475	581
153	593
59	589
431	87
573	837
183	728
166	698
179	196
851	178
543	789
400	209
323	1
23	684
7	427
373	420
737	560
853	102
15	878
164	788
420	259
919	435
430	319
435	93
897	27
88	473
83	336
613	50
691	450
398	637
140	857
720	15
575	440
177	155
38	89
399	315
692	460
124	790
125	599
221	495
901	369
168	538
2	456
241	9
384	791
293	920
545	344
479	226
113	185
189	560
7	825
714	949
932	472
259	26
662	96
269	0
275	613
271	288
297	149
375	793
59	641
14	934
949	895
77	62
569	254
836	214
198	172
26	38
81	126
114	520
706	213
613	493
992	267
507	312
115	908
116	796
903	754
122	946
102	124
327	125
242	356
217	189
885	530
413	239
161	689
162	237
169	97
170	797
622	579
588	798
369	765
818	638
493	394
376	226
189	613
175	510
482	37
190	799
367	17
374	799
928	117
287	383
372	293
513	317
932	152
17	215
648	571
524	124
516	640
330	196
473	205
662	108
583	208
758	743
225	484
364	221
948	508
99	608
360	733
39	722
235	522
179	524
47	248
948	803
305	803
750	735
267	316
967	124
306	611
325	27
677	253
398	804
270	410
406	450
419	286
622	804
384	214
285	61
185	232
448	188
206	527
850	363
234	561
515	707
107	419
206	11
472	654
155	48
90	913
343	623
131	448
398	168
383	22
678	81
814	457
543	573
89	152
87	179
826	83
609	17
773	91
738	894
74	330
24	947
942	541
873	18
333	215
708	469
58	825
527	57
245	17
566	215
35	567
920	762
817	5
748	203
637	600
912	45
242	698
977	40
361	811
474	22
180	868
546	877
187	490
819	740
107	286
438	153
605	489
460	23
469	26
350	64
473	350
697	481
626	308
159	369
24	927
23	462
219	645
24	813
344	244
988	777
148	356
19	433
370	315
140	556
489	119
222	41
211	551
395	815
665	224
633	920
362	38
654	613
985	134
229	664
462	316
469	1
449	838
473	129
474	835
821	111
669	52
84	79
114	84
178	457
292	92
967	330
353	93
633	18
654	188
447	618
247	270
797	671
38	1
165	998
25	819
123	371
377	161
122	385
400	191
30	384
493	124
279	831
22	874
517	50
89	788
811	795
473	360
493	179
501	77
203	103
817	591
516	27
527	402
126	821
741	991
136	439
500	153
850	22
154	441
179	128
264	790
275	179
124	823
578	134
714	85
329	822
605	78
215	514
264	22
266	891
48	174
104	762
891	30
208	28
824	243
226	825
413	25
842	825
478	0
139	630
972	72
229	68
30	715
722	75
309	803
725	415
640	720
192	730
906	696
174	72
439	470
523	291
463	473
142	377
826	305
754	0
561	616
566	124
649	18
288	828
325	757
613	152
590	481
817	20
23	439
21	829
958	394
50	87
6	72
790	930
950	475
447	763
612	535
215	26
349	745
221	601
73	239
256	829
942	3
759	766
522	627
37	319
131	22
544	23
329	458
71	336
870	959
68	131
84	338
442	64
498	647
382	446
628	999
472	333
23	398
403	255
590	585
634	89
747	265
581	749
465	771
127	834
119	51
158	122
472	43
564	113
30	685
460	162
816	132
166	905
92	255
97	591
87	161
309	96
113	743
510	817
179	124
787	916
126	836
114	11
798	23
649	1
809	394
810	24
31	77
339	219
563	689
157	577
971	678
660	598
52	457
163	102
292	494
113	472
344	357
59	438
146	538
233	839
477	27
752	224
405	934
27	433
620	406
72	840
0	874
127	84
346	1
560	179
336	472
292	439
512	661
138	883
197	841
829	910
734	810
144	842
311	383
187	747
417	120
628	197
742	239
371	85
566	22
22	737
260	952
531	60
573	843
94	270
237	346
324	217
323	844
326	367
333	356
6	628
718	417
999	182
166	474
479	418
142	180
461	164
453	59
552	845
366	831
560	467
817	456
566	189
663	593
479	914
730	603
781	772
701	19
89	394
131	225
401	301
259	110
285	64
296	104
385	459
190	862
188	790
510	170
654	517
133	316
274	866
956	632
800	441
244	849
56	816
341	162
87	420
40	125
159	59
493	681
273	355
798	496
85	64
864	165
615	597
617	395
337	244
473	626
854	230
240	285
104	713
461	161
286	271
174	303
176	5
446	623
337	185
133	187
758	317
124	761
202	787
683	864
823	467
691	826
118	853
34	854
493	192
550	106
335	854
428	839
588	721
437	519
457	23
173	199
255	975
98	855
560	244
185	874
992	496
383	879
445	856
591	780
64	226
24	475
400	88
619	93
113	403
80	857
473	348
356	567
181	244
125	857
619	446
464	140
189	716
671	858
692	189
965	499
871	596
205	286
65	594
860	252
776	399
780	304
785	413
134	788
282	20
389	388
177	926
778	203
436	134
272	951
68	860
132	446
972	728
438	309
685	415
97	251
399	633
299	887
122	459
279	862
635	771
356	259
125	961
821	314
833	587
147	562
162	863
409	738
396	164
692	863
191	709
703	330
719	219
325	22
770	57
738	15
595	156
364	740
784	208
85	742
801	297
803	148
656	332
727	303
809	967
611	24
982	485
708	930
621	293
790	460
305	866
944	704
715	533
340	5
721	23
44	685
729	725
731	102
322	312
252	192
102	316
69	709
629	341
457	124
866	446
472	24
377	5
474	84
472	181
473	837
664	693
495	359
162	480
422	473
336	126
388	870
241	665
212	258
234	8
101	572
113	567
951	810
448	751
490	434
26	457
458	871
319	472
912	236
432	224
178	121
27	933
181	968
373	237
569	607
270	99
184	430
474	521
406	282
113	687
453	873
538	160
737	315
60	177
895	643
701	174
5	81
709	665
88	311
741	410
392	299
0	162
132	969
311	827
403	304
926	48
397	317
0	784
141	23
76	23
578	876
858	438
131	808
159	446
938	866
141	363
567	534
726	393
472	271
595	575
309	620
101	306
173	726
775	633
344	776
488	783
112	69
125	557
728	16
76	494
43	178
832	25
589	79
181	460
227	630
620	211
62	934
88	909
449	201
326	139
60	67
586	428
644	15
487	973
535	147
405	76
662	39
472	305
473	881
45	119
309	446
582	929
39	858
615	631
22	391
59	128
143	655
119	467
651	77
680	531
681	50
124	338
685	38
466	472
823	179
397	1
829	262
374	884
240	614
844	453
84	715
588	997
601	19
180	609
99	885
358	112
614	936
24	792
604	886
520	166
249	663
665	352
23	628
469	161
452	886
854	423
797	858
47	533
866	377
208	749
80	690
875	887
0	613
113	501
421	343
179	888
179	215
358	388
81	888
394	420
249	889
874	514
877	61
938	75
1	170
187	536
90	25
158	129
841	890
28	887
23	54
344	124
205	632
873	891
276	687
681	206
139	446
446	646
249	453
609	438
572	17
301	868
885	595
609	57
344	689
570	80
553	74
608	673
757	476
656	682
460	17
685	18
111	993
232	893
745	842
375	578
184	628
487	93
26	189
808	276
414	192
703	370
820	711
251	127
133	721
530	404
946	895
698	620
909	896
809	264
817	283
828	592
478	109
856	130
425	471
632	80
523	296
564	206
166	18
808	269
809	402
26	333
47	4
151	89
956	57
387	66
75	396
79	5
268	320
728	481
17	373
316	53
247	188
387	735
906	899
298	676
612	962
152	189
932	113
625	348
863	189
315	716
150	316
4	251
711	347
923	314
4	901
396	551
822	114
378	551
737	30
412	705
385	652
388	246
124	390
394	124
354	487
809	687
908	426
170	228
806	484
532	426
806	211
427	81
815	799
687	346
688	101
794	542
868	238
128	131
708	35
121	265
318	55
127	297
131	905
132	905
433	125
321	0
717	404
70	843
517	737
980	281
259	524
527	189
234	473
775	167
74	333
23	4
1	782
790	918
801	907
431	809
289	687
244	0
8	908
671	634
637	54
944	318
967	367
392	51
342	83
863	22
500	79
264	215
71	84
438	510
524	0
14	204
460	206
193	166
579	405
99	910
25	910
147	108
598	504
113	911
490	549
674	568
61	122
124	188
602	95
631	288
743	609
613	357
235	82
885	709
630	871
275	344
534	276
218	282
287	857
534	57
493	470
315	466
11	134
219	879
223	914
27	845
880	914
25	213
25	51
758	164
899	764
907	905
507	834
840	216
76	464
18	44
740	433
450	584
106	896
180	0
102	7
172	351
234	107
468	442
940	225
744	22
229	108
232	124
568	236
26	244
493	918
427	238
4	435
460	57
158	61
865	65
24	631
438	448
0	919
95	55
25	303
87	301
883	881
297	493
749	462
13	328
100	447
271	546
86	286
460	89
411	235
919	619
405	344
421	789
373	550
436	458
786	530
890	25
133	496
917	666
443	677
777	929
835	384
135	230
89	448
188	808
229	496
582	123
160	627
185	216
178	217
251	923
231	19
200	470
18	139
37	24
51	128
542	811
81	266
398	73
399	513
74	925
414	540
859	925
943	163
116	565
952	0
389	424
23	992
432	729
433	82
860	124
441	2
569	927
196	689
682	659
86	106
362	164
870	511
703	22
736	559
647	2
861	364
183	45
315	974
317	801
319	109
822	446
447	929
840	168
269	457
147	23
764	286
470	102
678	118
357	259
98	917
350	850
73	230
900	302
57	276
527	22
638	88
732	345
183	841
25	15
443	931
284	512
741	67
566	966
75	685
87	142
89	180
91	573
93	646
6	933
517	681
923	126
860	132
137	14
881	571
139	96
122	418
211	698
149	721
415	991
413	113
727	934
334	725
630	309
281	975
99	646
837	935
424	376
727	16
477	839
851	213
608	936
448	22
216	290
896	503
176	485
896	400
395	886
525	788
613	545
23	540
993	739
220	941
11	547
898	179
75	553
16	177
918	525
337	921
922	476
930	0
134	589
216	673
515	653
133	747
228	138
236	636
210	198
39	606
589	826
953	351
586	839
178	840
783	521
483	940
172	28
137	380
370	941
476	212
355	618
120	965
655	319
222	315
374	607
266	114
99	213
732	35
173	769
301	39
442	277
354	193
125	29
146	433
639	474
23	681
290	391
232	215
638	2
4	131
5	142
900	944
97	738
22	799
298	570
56	734
201	718
257	604
8	286
843	945
27	18
264	35
207	612
798	518
638	178
599	899
397	995
737	654
173	947
837	777
89	189
760	577
22	96
111	133
212	947
17	22
961	814
233	959
692	244
970	245
289	948
259	196
23	641
748	831
587	518
654	761
640	854
75	438
349	514
75	774
22	460
23	678
8	284
25	950
26	613
27	740
399	57
851	36
193	382
667	415
51	28
427	200
430	951
24	952
24	173
619	940
212	720
963	179
424	299
4	266
20	283
123	32
349	562
16	410
117	98
664	646
539	600
378	920
295	231
125	843
267	405
399	245
292	739
297	954
112	388
264	113
29	594
644	230
125	429
24	769
599	955
474	664
870	531
251	486
550	234
563	96
965	95
565	22
920	454
292	664
276	232
22	831
756	959
242	166
624	109
312	641
315	22
147	225
345	958
346	289
357	737
759	509
184	957
643	192
186	907
291	129
921	179
8	246
439	281
859	215
473	526
375	520
351	0
397	377
924	622
525	390
22	767
325	792
694	961
17	232
19	749
145	235
23	200
234	426
778	157
147	436
527	994
941	832
475	99
185	467
891	248
745	190
539	6
899	101
325	897
323	963
18	963
63	493
494	295
60	27
717	58
917	457
498	118
650	820
486	42
529	632
859	493
126	7
415	27
310	241
480	196
305	170
831	988
316	766
317	782
994	472
319	400
987	49
194	23
866	461
467	613
758	469
684	315
472	139
365	66
778	974
185	968
448	227
284	550
457	968
458	662
244	467
458	969
472	681
4	474
244	567
907	603
484	969
785	709
131	186
142	227
695	60
81	494
964	84
968	932
275	206
111	971
194	121
369	340
549	124
39	134
707	77
375	5
836	528
911	457
818	62
545	932
933	972
495	364
935	169
214	973
711	100
15	76
302	927
454	594
418	742
232	859
898	974
941	935
450	309
566	259
332	623
921	974
456	622
776	711
277	145
691	589
4	603
607	28
939	178
180	533
609	480
818	133
870	143
469	431
113	918
483	448
565	355
215	87
93	218
313	811
257	794
244	911
547	357
130	962
137	804
596	329
480	859
817	59
821	450
924	845
522	216
610	473
244	979
60	950
259	2
276	22
264	743
441	916
24	66
922	277
535	182
654	0
932	0
376	928
614	352
252	133
887	762
84	730
473	944
738	37
818	268
46	371
737	472
953	41
414	84
243	265
146	741
40	914
743	26
29	294
47	730
907	113
524	315
232	460
916	267
4	238
337	863
401	984
591	984
687	940
293	124
137	5
703	893
196	0
654	344
206	431
115	207
249	248
603	703
336	255
18	11
563	708
243	997
86	805
23	986
217	127
803	20
267	268
124	987
234	537
102	23
289	72
445	85
137	175
936	306
264	44
503	999
72	611
931	107
513	44
774	705
133	989
108	22
581	637
84	891
683	273
140	989
739	989
464	409
351	880
118	71
235	146
460	18
250	14
119	990
0	554
999	422
270	575
299	648
357	808
522	830
603	5
457	196
963	461
472	758
498	464
480	724
800	486
493	333
184	872
189	57
87	196
288	473
174	415
326	151
238	456
911	744
385	742
921	994
922	95
473	674
101	425
809	930
126	84
84	20
883	505
826	641
722	17
533	266
133	43
966	996
35	996
69	736
323	367
501	403
846	458
33	470
300	347
304	441
476	308
309	416
764	207
986	54
318	28
767	103
529	680
536	155
224	584
149	937
236	80
444	847
692	269
124	991
161	1
617	777
684	587
167	74
618	623
