286	9
166	765
370	0
390	264
442	977
202	556
234	125
127	124
170	620
826	127
28	875
609	373
428	626
94	334
62	398
822	93
372	778
4	5
4	964
252	4
453	4
4	834
487	5
148	524
501	780
835	5
312	136
89	488
603	31
6	667
308	655
8	130
7	923
175	384
520	905
168	178
934	840
1	345
2	408
73	832
480	823
353	448
23	9
11	17
82	475
379	789
685	996
48	2
3	101
4	510
49	172
0	17
164	17
518	169
60	214
455	4
59	664
315	809
180	18
0	18
776	809
2	960
622	852
4	889
286	942
59	329
77	2
473	106
183	771
100	444
25	6
420	1
92	111
4	20
5	354
11	461
282	126
170	18
69	262
510	248
331	174
1	11
914	946
942	393
260	530
678	22
10	423
938	11
17	396
698	18
0	22
1	326
17	124
18	634
59	214
200	643
403	23
990	894
2	23
118	699
22	921
706	933
769	88
913	707
75	457
969	186
866	11
65	656
1	148
655	626
60	25
24	561
515	23
494	352
126	316
823	22
420	151
24	288
423	667
0	26
21	27
182	830
952	125
24	991
25	27
26	131
536	556
167	17
390	289
413	771
869	28
19	243
171	12
27	890
180	11
14	156
692	17
551	18
911	344
653	540
24	741
882	19
435	458
528	304
636	814
26	761
447	437
208	622
326	26
749	25
440	67
703	206
202	102
181	50
601	539
0	275
582	827
107	881
9	32
263	451
87	654
32	884
7	486
11	551
17	431
277	424
23	33
138	24
334	118
119	832
119	319
170	578
758	74
667	34
264	148
387	764
32	574
83	4
890	611
941	343
921	462
242	716
990	27
15	130
593	860
318	962
936	23
88	477
871	93
528	50
529	568
741	6
411	614
74	242
25	37
114	507
413	27
0	96
132	342
11	113
937	20
5	836
0	38
610	24
33	450
75	39
38	151
231	145
1	39
4	59
675	961
187	265
851	991
35	89
189	259
193	20
101	550
474	907
962	207
743	44
599	425
494	2
812	814
594	273
120	280
133	540
33	42
5	453
775	345
524	1
553	50
17	469
38	167
261	0
1	461
2	496
721	90
616	148
23	43
17	44
553	44
50	188
88	434
124	47
19	146
422	143
682	617
902	324
832	45
25	319
161	685
27	972
28	624
18	89
22	680
23	295
504	222
502	25
326	866
616	24
532	624
332	597
22	337
230	725
977	311
827	70
142	124
18	113
927	530
23	414
98	977
851	25
731	267
584	824
828	568
302	407
551	712
823	259
693	114
22	316
365	895
44	50
0	50
390	269
633	732
250	77
145	77
22	50
26	50
995	1
109	674
18	377
122	675
174	145
776	472
396	938
98	195
192	0
0	476
0	87
4	693
259	472
611	535
1	89
5	591
989	2
916	53
22	11
729	191
0	520
290	411
11	76
375	93
857	568
34	845
58	147
509	920
39	448
866	39
50	356
586	951
315	162
472	613
469	898
703	44
108	836
296	130
932	148
633	44
189	148
18	57
148	151
514	356
697	24
962	125
567	26
436	435
496	439
22	493
583	23
597	24
750	115
179	26
178	490
722	44
53	79
56	59
685	0
648	717
22	554
5	59
44	609
471	117
664	218
20	453
269	22
23	243
258	24
22	100
495	475
24	61
28	598
26	493
404	492
192	324
221	642
112	546
756	511
854	434
26	113
588	320
351	28
807	125
35	148
259	0
866	1
458	147
22	926
23	202
515	62
22	685
212	700
24	307
302	64
11	26
585	617
248	59
266	193
983	579
678	464
108	22
11	918
565	12
312	76
178	23
50	91
101	66
60	21
64	122
736	636
859	50
491	69
983	601
0	242
910	728
232	654
782	180
246	24
20	71
129	908
720	24
406	641
44	420
54	124
737	38
167	18
45	69
6	48
439	545
144	927
491	63
109	271
18	866
251	954
146	657
536	936
315	24
412	713
5	71
316	179
584	22
341	926
306	24
217	398
467	26
208	72
47	23
784	99
282	5
721	77
943	72
23	72
232	0
807	358
8	158
439	403
720	23
112	24
94	247
253	387
50	493
336	384
57	703
898	0
17	74
18	74
203	961
561	109
199	24
22	25
40	122
729	27
950	861
35	469
557	70
50	850
370	196
73	894
68	329
225	1
783	186
74	35
75	124
72	77
978	772
90	83
17	685
57	179
878	78
512	195
345	75
993	316
429	723
270	475
461	620
312	79
292	804
621	451
826	79
182	561
71	79
197	552
505	246
538	600
1	874
419	24
559	287
23	676
617	865
79	81
701	270
793	1
11	124
22	852
23	81
592	15
899	558
23	42
473	24
25	364
705	781
27	82
898	517
50	11
35	918
5	83
518	97
18	50
231	391
96	508
51	385
108	84
57	808
54	622
297	30
63	84
190	842
23	268
24	319
604	311
730	438
828	246
886	28
748	555
169	23
24	430
566	330
504	361
60	45
148	472
22	87
493	87
85	223
25	99
26	87
215	687
223	471
277	946
23	0
24	733
25	88
26	206
27	670
757	335
42	136
44	89
54	579
879	28
53	77
859	57
297	589
206	533
241	440
377	11
126	380
166	919
655	24
737	89
508	458
453	89
790	289
11	305
998	15
540	14
487	193
345	649
193	715
0	185
38	416
462	92
383	32
23	975
907	244
495	867
22	333
23	149
613	333
238	47
26	356
121	498
75	399
316	787
805	726
415	73
0	494
2	464
634	858
206	57
800	102
255	150
566	467
295	90
386	542
839	430
913	14
674	3
359	247
68	75
305	22
405	268
20	126
209	97
23	821
380	99
972	25
26	124
861	27
827	659
254	98
978	58
59	114
63	53
306	179
544	653
129	830
84	336
89	164
318	363
701	36
772	945
575	27
255	102
488	803
89	269
739	90
121	324
666	851
452	773
382	730
484	497
431	689
802	873
11	170
17	525
278	425
554	619
773	794
83	102
448	87
27	16
781	110
556	33
794	650
149	251
940	93
111	747
845	243
1	227
699	2
706	475
661	138
107	15
103	332
289	402
259	22
630	533
974	613
104	916
22	68
476	473
314	127
315	680
718	105
109	106
320	232
101	541
886	371
1	134
653	2
88	135
987	389
941	22
606	782
24	230
696	327
3	830
352	522
478	721
59	108
720	25
846	68
227	892
96	323
2	102
48	867
1	378
79	528
7	759
25	16
743	289
258	246
20	641
54	137
23	653
24	850
25	334
52	91
230	27
23	111
436	563
599	4
108	438
962	113
535	272
568	228
109	912
877	24
448	11
472	621
307	395
686	875
23	507
17	323
18	782
295	133
22	113
534	237
720	422
25	241
121	268
731	23
26	24
192	282
26	915
99	622
148	904
834	149
169	33
36	25
224	94
946	659
4	715
473	115
237	930
676	116
229	84
491	94
483	68
827	669
88	667
95	117
212	222
218	71
113	724
965	347
104	838
464	62
82	99
114	83
76	118
739	77
408	118
928	499
113	188
844	317
69	0
539	642
204	156
411	25
713	300
5	126
754	519
736	125
89	17
96	679
104	120
756	112
357	0
58	226
832	725
320	31
961	381
435	317
43	121
939	121
22	478
365	122
72	154
17	514
853	267
315	26
76	281
433	364
319	212
585	273
838	820
105	157
892	274
446	176
859	87
88	592
84	192
878	552
502	605
113	124
119	670
526	106
305	844
893	0
849	149
2	818
267	33
20	142
107	3
473	327
741	706
0	396
817	131
674	178
17	970
221	181
583	983
938	1
333	1
159	888
309	751
22	28
68	114
735	115
124	487
125	884
331	128
427	127
0	128
20	834
977	86
549	23
24	951
25	67
125	106
700	506
124	185
714	339
126	192
61	40
146	882
513	17
502	27
0	724
889	131
860	131
567	770
11	970
490	118
967	17
401	487
232	370
198	299
2	163
4	132
240	804
289	431
905	18
22	74
23	852
458	751
702	226
22	26
27	135
209	668
382	646
457	460
812	165
50	124
51	602
59	619
34	135
301	126
124	460
547	170
0	135
939	637
356	467
708	1
17	390
22	67
23	136
515	721
310	25
26	377
627	997
17	151
18	245
23	699
268	161
25	779
915	566
92	63
966	38
76	515
49	702
152	457
739	118
160	213
261	680
917	103
215	242
124	395
59	940
985	317
718	594
255	202
115	327
416	113
108	47
119	230
869	392
651	538
262	27
749	14
259	737
50	472
173	141
52	273
185	57
864	23
378	142
23	501
101	928
712	142
317	743
529	212
281	118
121	747
645	143
129	726
71	126
23	250
559	86
108	331
159	802
186	139
952	138
131	521
492	171
689	89
402	50
202	136
24	272
215	979
685	35
283	108
124	264
753	314
72	48
75	397
78	319
82	146
353	662
706	991
324	14
497	225
22	145
23	303
249	384
25	741
764	857
101	125
127	81
134	148
215	148
0	148
1	44
286	711
31	281
33	63
478	36
472	1
44	22
765	47
0	227
83	589
102	150
106	419
439	111
133	509
315	124
625	125
63	97
34	738
620	114
569	41
124	227
753	147
329	139
608	177
87	152
89	330
361	523
579	2
696	201
356	152
35	925
508	698
103	412
44	317
50	689
7	22
68	153
281	154
16	154
22	181
23	154
24	207
25	957
26	154
25	284
143	209
781	713
241	168
81	63
508	142
553	35
898	776
269	244
20	730
43	90
739	23
738	221
25	156
294	656
264	0
73	980
153	59
220	173
408	23
958	124
673	391
110	499
124	681
551	142
139	520
677	572
473	158
83	126
229	159
788	357
25	163
608	48
50	654
491	334
403	281
105	179
913	292
89	179
90	23
311	122
589	179
675	101
390	161
933	943
337	50
148	113
149	450
89	161
340	923
84	176
876	20
255	699
879	442
116	682
725	6
675	3
137	156
584	235
23	163
635	34
346	229
837	124
461	551
149	69
152	681
26	39
578	196
289	75
22	722
865	612
36	160
138	165
276	148
484	186
152	513
331	483
816	166
114	166
380	391
137	48
630	166
113	166
46	811
125	459
87	167
253	318
174	99
67	495
98	285
416	167
450	238
174	943
148	168
699	133
194	168
876	134
537	535
206	689
684	169
8	125
400	233
292	441
2	292
22	121
108	329
480	26
173	125
31	485
227	170
131	102
563	846
488	606
24	537
679	578
144	529
151	142
425	287
558	598
60	656
74	513
389	869
970	89
898	315
993	699
693	248
880	773
57	259
59	905
650	767
136	316
43	62
50	516
289	17
170	225
36	174
180	96
831	987
111	544
77	993
189	185
4	175
0	911
11	149
293	22
897	25
97	849
108	20
239	734
281	518
497	132
890	980
507	176
679	671
647	102
99	177
21	82
45	605
118	316
949	418
125	66
160	178
56	166
169	453
94	27
175	382
0	124
2	118
44	26
208	579
22	24
472	179
607	32
354	148
57	716
790	57
170	329
89	893
85	124
947	615
133	307
613	74
727	243
124	181
125	55
214	127
581	181
152	181
148	181
143	182
442	254
304	993
39	963
615	956
493	932
277	95
169	102
276	17
366	117
147	554
148	22
73	191
414	187
17	75
78	184
34	434
218	5
381	125
333	202
136	494
387	704
179	185
368	621
5	802
22	185
265	252
786	201
76	50
278	906
39	151
11	315
290	307
78	27
81	982
194	187
505	182
905	20
722	775
959	15
649	22
618	656
152	188
809	161
163	92
338	166
357	545
179	188
181	188
69	135
902	54
87	189
453	384
103	98
186	108
151	113
134	151
488	38
386	407
280	110
585	70
805	9
358	138
166	619
167	59
22	170
179	333
628	15
652	95
35	525
361	862
202	739
74	181
901	93
247	155
159	114
645	625
179	911
181	564
188	189
906	124
910	740
91	929
89	206
135	841
791	71
921	148
777	843
199	503
179	467
141	792
957	184
50	152
605	854
38	161
881	117
970	167
179	345
305	948
761	196
260	379
127	149
132	128
623	466
162	196
64	604
763	900
951	561
59	22
704	80
77	494
81	102
334	16
95	198
446	24
745	660
904	198
186	225
28	198
469	44
109	199
37	552
657	670
805	125
423	126
224	706
207	574
947	306
53	200
969	329
71	200
72	10
179	400
688	158
523	842
234	106
969	108
698	331
880	504
246	615
733	99
63	83
87	716
528	97
274	797
904	383
131	427
96	128
153	139
276	460
901	59
113	152
324	707
0	203
921	524
194	204
520	331
418	285
202	81
682	294
681	0
545	0
232	915
81	7
11	39
552	141
274	113
98	260
455	891
179	806
205	101
164	472
113	457
124	206
125	426
726	125
985	377
93	0
98	371
767	429
178	902
597	631
651	588
138	830
0	326
11	74
666	838
23	240
24	546
17	161
776	22
23	980
24	209
3	286
26	181
586	24
577	95
271	645
829	26
137	204
234	210
472	26
733	3
819	235
25	829
20	474
602	569
14	638
22	761
882	23
149	81
645	870
434	183
57	87
1	396
92	398
38	317
30	591
493	215
950	213
643	585
577	711
151	448
578	139
602	875
11	770
362	148
151	378
320	27
155	174
777	321
196	996
77	496
848	718
560	215
293	796
209	828
742	171
73	69
506	36
599	3
810	616
388	80
584	99
27	642
363	327
818	511
844	75
148	501
53	150
229	153
159	248
214	964
125	572
333	218
879	117
957	88
23	19
484	435
840	23
492	172
179	181
469	958
104	123
91	618
83	791
131	693
52	683
816	139
922	471
903	124
215	467
114	113
78	503
867	221
683	157
48	657
567	337
467	514
82	741
527	50
95	580
826	4
75	420
703	188
715	401
359	25
313	300
872	82
379	847
33	739
107	223
242	108
683	945
658	208
382	218
642	19
1	722
215	0
713	291
18	317
162	87
87	163
935	457
26	17
179	994
494	498
128	801
289	124
383	64
139	225
148	613
954	127
113	566
140	441
214	873
414	261
548	348
503	482
844	227
887	532
134	317
895	955
308	228
887	558
210	856
124	251
546	228
191	832
446	500
79	401
382	229
783	801
89	22
113	712
124	229
514	179
605	230
282	47
391	779
571	263
125	764
15	230
581	250
62	168
169	62
530	426
27	769
834	83
140	92
136	518
109	531
738	141
289	142
148	232
155	629
462	653
564	152
356	185
308	952
346	44
183	423
207	443
668	430
50	1
171	811
27	741
115	805
681	179
403	181
7	916
0	179
506	235
6	235
591	973
16	575
73	183
124	84
148	30
883	236
521	248
19	160
50	370
232	613
480	925
475	506
22	343
148	237
527	237
592	700
22	979
161	237
206	269
211	563
24	381
56	446
548	473
275	345
618	385
26	162
182	983
534	181
537	690
230	239
189	344
779	440
168	240
997	174
40	946
348	205
307	145
907	211
121	240
94	410
285	711
161	758
57	925
163	255
884	339
16	595
441	403
858	242
469	148
486	427
534	724
139	242
177	600
588	111
772	172
17	938
694	0
244	472
124	370
438	484
153	142
94	885
826	406
687	57
26	151
162	244
659	774
151	245
10	415
237	525
146	25
338	242
749	243
50	146
492	710
62	868
534	560
387	899
4	79
84	218
293	91
524	78
867	36
24	410
25	256
243	380
27	465
442	499
124	739
342	126
370	915
211	166
893	148
0	161
355	46
548	24
679	563
218	249
506	221
803	227
246	143
11	44
527	416
714	652
154	133
140	250
113	1
446	166
397	770
131	520
226	922
103	815
139	56
161	189
163	169
135	109
47	59
134	142
62	804
78	23
543	466
979	113
356	244
11	397
405	23
337	356
74	1
82	413
85	442
417	569
35	17
689	17
44	38
521	591
486	340
152	823
960	798
628	143
241	247
2	111
304	255
889	248
11	89
23	423
750	677
124	87
835	283
889	639
164	148
235	539
166	47
153	132
144	120
148	737
151	345
232	152
72	707
118	462
978	571
486	97
362	782
755	419
441	22
961	677
672	148
148	259
676	935
665	113
163	647
486	684
336	485
179	259
672	497
868	63
683	220
75	180
89	124
486	124
104	260
175	5
97	149
210	473
508	211
960	261
90	261
287	55
108	698
300	848
329	166
326	672
320	90
662	803
127	5
22	206
583	359
130	24
768	580
710	263
308	125
219	28
825	28
104	683
75	38
338	436
108	211
297	868
89	264
922	28
414	252
460	185
452	296
286	24
658	265
894	482
995	17
22	373
891	384
67	433
921	545
729	851
239	957
775	75
63	267
92	509
59	93
705	100
81	340
494	267
57	188
641	964
128	147
194	414
62	268
511	197
902	14
409	440
716	609
473	45
50	244
211	679
564	337
172	558
36	270
454	774
42	267
21	270
564	50
401	59
72	270
127	643
951	233
131	147
837	922
341	221
815	157
189	564
113	458
734	130
236	272
27	239
403	77
892	377
180	134
114	139
989	23
214	5
215	893
538	595
65	148
493	619
5	973
803	96
11	164
56	406
227	75
948	274
294	504
22	35
406	71
215	275
885	334
359	506
516	990
26	275
196	276
915	185
626	568
513	390
873	249
196	188
823	276
7	901
216	137
449	313
426	953
457	979
167	488
189	180
124	735
954	23
16	262
542	781
110	226
23	651
493	367
216	43
114	56
25	670
765	229
0	534
886	762
71	63
610	308
376	468
597	15
244	179
4	681
864	182
31	62
414	265
0	484
86	360
460	133
897	439
150	501
912	655
698	801
71	401
498	187
2	47
214	891
237	75
14	231
97	7
998	459
315	868
259	275
434	119
821	63
186	227
734	704
22	197
763	285
26	148
917	953
24	531
309	455
378	18
793	436
289	708
941	582
588	281
0	560
1	488
148	18
609	152
438	134
275	915
974	148
947	143
104	773
322	456
444	291
135	924
736	271
104	452
50	215
871	56
112	212
185	493
877	288
106	381
149	53
57	330
987	64
235	99
239	890
242	17
681	244
245	11
467	275
16	270
570	696
143	148
931	125
155	290
585	945
652	425
0	776
816	619
904	955
294	660
695	728
494	97
200	316
660	981
63	7
448	309
248	446
353	96
500	142
55	949
114	47
311	293
510	149
93	483
318	875
903	795
153	382
541	838
580	815
215	124
232	493
236	526
874	244
27	73
107	66
87	17
483	131
818	295
93	5
121	295
193	510
476	24
532	296
106	327
280	669
483	128
808	703
702	300
315	259
91	827
363	236
490	252
215	259
319	849
556	699
357	275
266	401
269	330
437	273
519	542
4	406
97	340
990	88
436	620
661	559
907	329
27	709
407	848
231	208
900	223
113	654
690	210
412	760
52	557
132	131
29	91
418	686
250	588
120	552
24	325
191	25
448	170
263	100
103	848
50	160
562	70
242	578
701	824
545	259
262	695
985	264
0	508
672	108
312	71
10	303
217	651
203	386
192	23
335	877
11	662
316	304
263	862
653	304
125	9
715	126
919	93
227	305
23	494
24	109
25	701
746	976
495	600
604	287
151	317
3	27
335	15
926	160
244	514
497	671
464	150
555	279
216	72
1	75
971	23
163	247
31	76
226	794
231	252
813	158
718	557
92	250
102	833
700	957
316	42
564	179
22	937
11	488
147	309
22	76
231	62
326	134
146	581
147	446
980	88
152	357
194	90
275	979
6	67
459	652
340	312
838	291
161	431
189	164
249	458
829	600
423	465
248	312
276	527
937	312
628	428
301	312
114	93
366	865
61	875
80	112
618	50
776	179
816	822
79	214
481	263
151	488
313	28
27	423
53	800
23	18
217	405
206	315
194	261
211	458
72	231
178	391
435	56
113	87
148	553
393	125
581	155
21	16
166	139
140	268
437	189
853	316
0	457
1	317
11	317
319	234
23	121
111	462
124	294
124	38
125	318
494	414
229	533
956	381
803	113
1	458
353	264
128	7
286	541
347	260
229	87
840	63
134	245
250	320
259	333
816	175
81	92
472	275
137	265
161	44
558	424
412	124
223	719
395	865
509	658
37	15
0	603
42	322
50	514
92	647
428	400
510	71
305	323
128	547
848	542
146	177
317	323
0	64
23	292
986	324
211	186
221	522
222	198
232	315
981	451
678	202
39	521
241	433
756	325
870	306
910	270
588	403
276	162
249	5
410	82
259	370
716	237
269	370
276	215
436	211
215	527
192	641
206	330
175	131
699	587
381	236
244	139
128	305
481	719
315	328
848	328
67	15
51	719
220	105
114	596
492	198
186	329
372	444
262	415
696	223
53	127
171	260
152	215
322	176
985	44
812	158
244	232
18	435
471	468
132	331
375	1
357	22
16	82
402	17
198	22
850	757
603	47
304	731
840	622
398	150
252	341
683	332
814	568
315	333
566	692
0	333
514	188
11	87
538	16
168	960
474	126
185	181
996	925
859	188
513	402
609	206
221	121
856	881
38	809
173	335
445	463
900	499
246	736
448	375
176	456
330	26
344	517
480	0
596	166
153	108
315	337
750	125
399	317
599	385
734	812
330	823
0	514
23	30
548	463
630	338
465	88
211	338
242	147
277	260
566	356
130	813
41	479
852	72
392	713
135	45
508	147
258	308
152	244
785	16
162	467
62	983
25	388
176	340
481	66
79	791
82	341
807	459
368	89
992	92
973	79
166	342
167	11
806	131
606	1
188	22
192	342
80	546
89	420
81	53
882	495
142	59
829	752
888	53
98	277
22	344
473	445
617	789
204	118
26	344
635	88
289	525
105	562
944	125
737	533
112	952
18	345
738	78
928	28
113	356
167	346
22	120
124	346
964	126
369	131
394	11
900	922
400	24
237	480
562	220
761	517
84	901
117	61
388	59
68	71
34	88
278	3
111	494
197	281
24	197
126	816
792	430
108	630
18	375
50	148
68	59
57	75
315	113
111	252
125	350
508	435
275	22
85	98
212	143
511	24
120	51
429	313
125	205
127	684
737	370
317	185
315	893
217	121
317	712
531	233
305	377
814	76
188	564
318	856
263	103
479	742
352	303
305	353
978	116
828	645
68	940
420	74
78	88
482	213
11	613
105	789
282	354
162	217
590	355
384	193
69	88
151	323
192	251
515	509
206	461
209	88
218	266
232	356
360	389
884	799
248	113
524	357
113	357
287	443
124	357
924	230
797	186
767	349
237	269
265	54
631	246
536	99
973	472
141	129
526	856
179	370
487	248
162	188
815	481
796	760
22	179
574	302
62	627
68	331
612	360
528	53
402	75
2	76
133	673
852	156
68	901
27	134
152	370
46	144
260	449
931	86
506	99
75	362
148	124
87	687
89	362
90	121
5	192
666	9
454	466
894	640
179	968
554	497
631	350
346	333
262	511
934	265
25	657
641	266
244	185
19	177
0	189
688	393
155	475
188	863
860	114
399	970
337	232
195	613
148	517
731	150
206	211
181	315
861	60
982	456
193	282
533	663
908	755
323	876
136	118
336	849
124	333
303	341
349	220
248	817
203	519
497	923
486	200
229	20
244	22
30	369
75	188
39	127
44	330
54	540
191	605
444	621
788	18
686	46
560	181
147	139
525	161
79	97
18	1
724	57
923	149
367	227
541	125
457	244
918	289
188	264
622	204
864	24
90	187
666	848
137	522
7	124
566	196
289	373
802	474
248	964
304	787
242	305
161	373
315	148
0	20
9	298
81	176
249	20
845	628
181	911
24	233
898	181
188	269
797	134
394	142
509	163
206	148
215	22
335	864
283	860
132	218
368	100
573	676
532	376
432	37
79	474
142	1
844	797
245	551
474	5
417	558
799	260
186	147
113	259
14	341
829	440
193	984
536	137
907	108
203	843
26	576
20	83
124	438
17	375
457	260
259	64
24	615
303	380
928	737
79	83
318	442
50	113
376	195
946	742
874	337
741	614
133	971
266	175
22	169
250	316
904	570
562	768
403	464
166	93
176	83
220	617
906	98
179	148
180	712
67	182
642	72
222	949
25	861
390	394
126	873
283	22
231	307
225	309
535	109
845	839
63	126
397	180
361	260
353	846
404	407
157	203
39	211
216	310
960	818
378	44
113	0
227	180
755	95
792	896
600	729
733	550
2	68
745	379
822	131
72	727
357	472
495	243
311	117
186	646
434	27
127	202
208	216
418	388
21	478
264	17
682	466
377	367
807	570
596	128
812	138
625	205
240	140
124	968
651	140
276	330
540	295
11	35
352	997
738	576
585	762
595	270
201	116
115	22
250	739
344	50
517	0
63	392
776	493
524	370
471	742
666	392
292	360
908	85
17	57
189	315
127	470
222	279
931	393
89	87
33	524
330	181
333	761
402	164
485	342
44	394
346	394
682	945
376	98
75	513
287	697
71	533
228	88
89	74
36	601
710	257
142	39
180	687
245	75
188	396
724	196
553	167
201	100
578	326
531	306
384	4
54	303
345	397
337	113
593	218
170	846
42	118
54	48
23	417
536	156
134	420
394	378
0	152
863	808
14	673
8	205
11	142
553	420
17	438
167	75
491	665
131	596
915	179
181	215
344	480
260	717
88	680
283	401
390	245
44	151
277	418
422	611
26	514
50	467
337	370
390	402
196	344
357	179
49	404
224	933
62	92
261	426
74	0
365	655
90	252
820	702
276	609
630	132
394	488
304	4
309	497
990	640
50	315
316	913
841	990
328	372
780	971
320	405
278	207
134	274
416	87
266	964
162	269
491	67
181	189
284	855
87	809
20	984
756	286
23	407
449	407
647	663
90	168
778	705
539	19
802	672
798	408
325	15
591	316
462	888
609	390
408	992
823	703
179	167
556	136
111	989
755	182
162	703
40	763
538	913
414	478
813	445
960	23
686	899
42	150
152	162
460	330
301	71
179	613
472	582
700	725
774	717
232	259
219	223
740	829
344	259
929	412
74	396
98	158
56	331
909	15
749	583
862	492
644	725
282	83
126	312
0	315
800	427
578	671
382	47
232	457
344	898
157	65
119	415
746	41
5	97
511	505
153	336
629	403
42	84
137	231
341	727
345	416
346	416
68	354
251	587
319	141
754	116
113	893
502	183
801	186
122	51
844	170
232	113
268	474
685	237
348	632
986	934
21	936
26	496
882	701
393	419
399	89
96	806
310	99
254	419
176	79
251	849
24	636
26	257
674	101
44	114
396	722
244	113
480	87
237	179
659	70
148	57
463	125
23	528
456	127
700	183
176	450
199	561
211	96
663	20
541	253
232	560
422	792
616	262
659	437
14	19
363	125
696	3
310	433
410	784
129	550
394	180
95	371
242	274
399	17
404	499
490	43
408	48
796	273
170	124
0	543
864	828
112	10
136	798
445	912
326	147
467	148
355	621
152	744
98	705
430	143
23	427
380	156
738	927
976	46
315	394
780	787
997	629
897	21
450	232
333	23
488	416
325	428
985	180
18	420
382	126
65	694
148	227
148	357
362	770
358	236
650	523
470	780
472	436
16	224
415	151
747	496
411	440
47	26
120	347
689	57
57	431
75	431
975	76
244	513
724	703
353	242
142	420
1	151
305	18
236	631
342	406
744	26
511	325
924	644
934	608
130	158
301	507
312	643
113	994
124	898
490	261
127	150
132	159
544	133
213	819
177	475
783	175
75	377
514	206
185	26
186	698
469	74
235	495
56	500
139	128
164	567
694	39
149	316
152	275
184	197
457	275
779	208
301	923
28	95
378	367
5	455
489	364
321	109
369	93
111	59
190	811
803	438
384	84
902	150
697	365
494	439
340	297
969	147
308	284
127	42
77	281
660	105
315	356
420	431
304	25
793	353
340	149
529	112
210	636
821	127
509	111
814	548
289	161
6	290
188	527
696	442
191	27
196	44
995	367
84	26
215	344
327	443
242	333
470	23
419	750
353	563
253	443
485	791
333	232
81	82
710	559
342	71
876	353
576	612
113	23
203	116
505	586
284	733
434	924
295	804
403	494
259	50
759	150
267	346
165	956
257	105
68	446
367	1
788	74
624	425
899	9
51	447
145	341
833	150
600	310
1	685
529	626
527	457
295	268
290	352
279	328
352	168
754	988
245	317
634	367
595	440
516	413
178	265
179	50
730	964
493	446
731	255
26	23
1	963
251	63
175	715
3	387
0	501
124	500
871	801
862	451
468	226
235	24
686	368
420	722
47	453
125	855
573	768
127	747
795	452
59	218
229	453
22	142
23	993
333	148
90	150
151	460
436	375
833	229
25	10
179	17
69	728
169	76
196	776
285	465
893	244
93	455
249	455
486	455
554	849
179	206
722	135
81	316
26	238
152	124
306	258
458	497
676	349
151	606
179	457
564	457
185	457
888	79
188	915
189	457
90	824
28	987
142	797
142	18
133	462
215	149
332	437
39	712
326	435
438	662
144	504
239	981
262	256
81	83
473	8
386	590
416	75
514	162
402	967
489	239
35	431
186	124
609	22
1	775
226	123
485	322
43	804
620	458
193	218
162	493
314	304
178	240
336	127
180	1
641	71
26	737
154	2
839	680
911	189
665	785
17	480
548	125
336	23
162	167
333	664
435	563
18	96
638	939
0	448
3	906
83	312
635	465
84	873
196	189
406	192
215	57
230	191
821	643
140	494
277	64
421	466
913	515
594	113
389	28
113	467
106	223
35	966
649	722
181	467
100	760
737	237
128	793
259	181
337	124
10	473
862	523
287	40
819	94
74	38
2	281
905	93
661	107
113	469
183	256
554	71
149	470
151	461
177	477
796	379
27	145
0	25
161	716
272	546
586	668
24	896
25	695
26	560
695	27
319	883
878	143
148	898
143	999
150	315
714	278
152	472
161	35
425	195
151	166
765	114
251	316
532	922
385	660
532	299
528	200
225	907
218	20
214	474
78	24
574	138
264	38
885	256
651	439
264	179
956	258
258	228
142	375
391	204
520	672
429	444
178	295
392	468
103	614
831	903
96	497
832	477
324	156
324	975
330	87
74	390
512	339
55	365
438	436
491	213
460	87
185	472
495	478
14	187
475	478
761	315
504	49
740	94
391	637
6	867
305	375
416	180
846	480
206	480
289	57
122	623
47	225
764	284
24	212
168	23
323	551
420	345
162	124
275	356
114	186
378	245
601	25
223	55
256	872
237	467
232	181
552	482
18	844
89	513
472	345
108	483
646	474
495	160
476	568
0	846
161	708
465	413
455	22
73	45
844	803
233	561
148	89
953	28
115	463
5	485
8	445
387	677
134	461
474	283
330	859
5	312
628	465
333	113
783	338
770	606
125	3
411	359
474	249
277	479
224	177
458	96
363	113
0	402
169	63
470	97
181	567
688	125
107	909
671	326
146	243
474	153
22	619
130	610
477	489
508	803
386	965
647	136
63	654
206	74
180	378
753	114
206	181
450	97
123	666
22	431
326	338
479	471
177	883
284	443
23	281
457	681
125	86
267	766
408	739
908	350
429	328
613	315
46	799
375	672
310	36
41	738
402	918
405	137
507	456
457	737
340	494
119	991
10	845
150	494
151	87
757	434
161	732
89	620
135	24
916	102
183	135
377	151
887	198
645	473
453	835
39	305
134	89
98	64
435	108
12	843
23	496
38	633
166	753
92	187
435	497
877	209
247	41
356	863
102	267
124	590
323	892
118	993
529	306
477	73
126	485
662	211
992	651
199	810
127	97
166	50
572	426
450	401
93	159
114	500
128	500
131	500
17	134
140	23
88	143
472	394
281	441
474	30
96	633
81	486
491	16
86	318
127	518
0	142
225	458
380	943
197	290
405	240
894	502
196	874
197	25
710	123
56	753
183	640
254	103
401	5
493	75
417	842
293	723
479	512
4	124
125	371
760	157
758	264
755	210
29	285
899	339
763	429
620	438
272	212
367	89
370	113
779	359
390	38
140	2
19	506
681	898
491	21
65	321
684	507
0	2
682	447
44	488
315	7
806	367
544	408
0	527
92	852
521	4
384	817
394	1
398	295
962	675
306	503
251	83
3	644
322	643
518	441
214	30
384	510
0	206
396	89
474	510
90	250
406	322
79	937
239	644
945	366
526	125
663	248
148	555
259	398
704	148
812	308
955	512
298	512
503	428
437	682
926	536
333	317
347	110
113	179
835	114
609	513
128	108
140	265
87	514
278	805
499	624
113	514
124	514
908	125
513	970
154	515
140	217
719	64
384	521
181	0
187	515
189	275
26	416
426	419
350	115
842	929
435	147
436	448
813	129
433	99
581	953
259	517
975	549
853	588
276	517
257	978
55	85
159	995
59	131
164	276
505	645
148	167
175	114
144	12
22	654
23	556
228	24
316	496
564	26
339	125
152	179
73	262
153	47
991	947
448	484
566	958
342	450
22	935
646	521
297	97
275	50
185	276
159	382
232	874
571	13
540	462
336	5
50	357
241	146
346	74
342	79
57	152
976	386
606	237
735	572
244	276
301	33
266	131
415	933
269	480
551	397
273	562
454	694
160	701
457	524
164	525
457	148
53	251
464	23
40	117
670	894
861	535
574	425
101	661
109	526
917	374
643	2
461	467
22	469
309	508
688	165
921	315
476	258
737	152
729	25
330	527
93	131
981	648
714	661
28	880
218	30
379	368
753	905
124	545
284	899
926	290
370	333
463	704
544	540
965	760
853	251
716	469
299	962
919	139
777	355
989	241
406	149
686	746
430	531
812	476
436	905
158	998
440	740
307	137
746	795
78	25
280	49
548	632
623	502
997	411
125	190
362	11
889	93
971	136
474	218
264	180
153	533
765	533
658	579
930	517
520	68
337	534
527	534
207	298
571	190
593	474
616	388
408	204
724	244
912	165
330	0
18	151
748	837
259	269
96	317
19	36
421	768
417	144
24	943
864	537
79	126
726	537
524	87
98	424
167	967
843	437
265	324
99	411
524	152
614	318
589	474
601	538
313	347
830	655
130	80
645	441
409	665
228	165
89	930
620	147
333	50
957	605
458	446
199	680
160	601
315	18
89	958
8	24
226	927
235	36
193	5
114	619
18	448
967	75
897	695
401	170
196	356
255	647
476	86
356	181
339	906
742	425
677	124
534	467
840	208
26	543
828	877
980	183
90	544
663	68
928	285
834	126
604	445
604	110
361	328
966	167
149	33
114	806
982	238
179	545
30	835
181	275
53	42
146	539
606	18
108	225
831	524
131	83
326	274
498	150
340	289
191	670
139	353
305	547
775	416
707	804
206	189
148	458
955	604
399	151
406	238
390	44
132	56
568	597
409	491
215	692
154	902
441	549
437	22
618	26
52	577
424	468
526	550
607	190
392	41
239	475
51	387
416	930
215	370
377	461
269	148
467	134
99	155
472	22
20	214
650	778
345	633
346	373
75	958
720	552
59	369
263	257
259	185
113	27
377	788
269	276
747	462
10	45
436	225
156	440
93	68
710	523
460	152
163	464
113	237
955	443
131	249
732	167
599	195
944	931
474	132
329	315
319	325
801	309
362	329
866	142
355	762
322	192
503	335
0	620
263	300
593	470
517	472
473	130
152	545
39	104
892	1
62	194
54	174
529	463
513	87
119	516
567	185
54	324
189	467
269	525
58	386
348	115
549	140
92	23
24	425
77	251
955	855
431	918
808	566
457	560
18	461
981	573
805	419
24	998
457	50
333	457
477	851
253	125
844	448
97	0
460	808
175	817
628	720
390	164
23	31
529	130
524	469
497	563
314	227
633	167
524	517
301	79
275	911
204	986
513	315
514	564
87	609
527	269
534	564
681	689
381	807
11	399
429	565
22	637
23	77
259	124
152	26
866	161
472	560
169	53
474	175
467	770
185	566
564	567
566	26
0	567
1	269
8	526
625	115
16	94
51	351
149	528
439	408
615	561
331	22
457	898
460	925
185	863
72	82
591	154
200	63
206	215
769	358
517	232
79	283
524	113
254	711
81	780
715	282
895	686
96	242
113	275
773	571
309	353
225	128
813	359
461	148
232	630
168	261
796	118
305	167
48	852
818	22
421	543
40	987
374	820
783	93
30	249
734	66
40	219
603	248
24	677
756	668
534	50
176	251
683	929
23	548
944	755
556	118
226	49
900	612
420	315
475	575
84	151
583	261
996	164
148	196
755	195
333	87
944	576
740	516
52	65
67	475
317	113
25	872
726	112
172	580
230	489
407	444
549	462
327	655
75	525
153	114
448	134
557	13
493	472
956	473
174	583
80	129
79	891
348	327
501	316
900	855
200	7
640	239
180	215
29	777
179	315
557	580
869	302
777	865
506	6
69	890
591	4
772	233
431	525
524	50
527	113
931	32
105	582
628	325
898	113
942	830
437	481
705	379
809	373
375	679
136	954
882	94
380	583
388	505
767	23
237	181
139	871
186	435
682	273
196	22
459	697
202	154
169	238
187	240
555	190
201	226
960	43
855	85
154	439
982	71
87	289
443	122
473	856
750	234
369	114
349	815
474	47
724	245
730	249
23	51
472	457
302	280
63	427
241	217
310	156
636	586
2	588
786	519
536	19
20	494
199	363
685	966
365	9
113	669
450	589
745	847
126	23
519	590
105	723
418	468
423	268
748	429
537	884
438	274
410	241
216	600
81	833
919	630
189	681
692	915
236	24
307	522
768	12
612	696
378	124
163	118
289	996
218	126
427	528
715	331
443	74
22	56
692	196
826	342
524	232
140	163
321	594
69	25
279	157
175	84
22	898
785	262
817	331
53	427
954	800
82	739
367	96
42	312
732	396
147	596
782	151
680	233
258	112
590	293
288	736
211	225
50	232
748	12
524	281
89	75
473	598
315	192
139	108
473	66
666	124
42	470
106	807
911	333
591	826
74	787
400	597
90	470
368	555
938	18
118	255
370	22
872	740
793	18
50	185
57	237
287	117
688	124
148	254
145	72
8	348
986	637
838	41
87	925
0	89
350	8
113	966
22	775
847	565
922	602
877	839
113	517
999	668
28	299
564	87
482	319
322	136
107	125
14	841
93	603
995	142
932	333
809	74
193	149
96	438
189	60
778	451
272	125
524	275
580	58
934	638
759	549
551	448
366	648
448	125
318	278
470	267
142	606
547	242
5	390
141	109
566	152
274	96
109	233
401	22
460	469
648	208
671	89
949	607
276	87
22	124
23	320
121	608
25	262
55	597
740	933
593	79
139	596
218	822
0	609
314	297
8	610
333	275
126	448
87	469
102	77
104	558
187	579
774	820
787	136
452	171
106	726
484	53
968	22
124	564
466	617
587	316
784	411
438	472
456	641
346	378
22	119
473	612
530	702
592	24
113	613
600	629
474	159
124	613
182	80
18	134
34	25
51	799
152	333
268	47
468	297
153	56
154	118
124	654
46	122
59	124
693	132
288	615
23	441
936	82
7	23
102	76
477	657
129	610
605	516
281	131
182	878
72	155
142	461
808	215
386	22
158	611
506	608
52	558
113	438
589	316
607	442
808	402
830	850
219	125
627	391
875	51
543	447
603	153
126	229
478	2
139	619
12	349
46	857
593	211
416	0
301	486
4	639
985	323
114	131
74	26
555	386
981	355
721	140
31	2
148	185
337	188
448	211
457	357
802	342
457	915
23	853
433	727
974	472
527	480
979	152
50	305
510	151
602	879
929	617
288	769
784	478
22	356
161	808
739	588
988	116
125	735
602	404
872	878
121	63
465	34
33	888
213	595
517	17
180	44
858	331
338	93
669	451
470	81
338	331
662	370
354	984
738	584
457	679
131	47
931	387
815	197
338	147
61	98
565	795
626	850
148	495
510	765
564	467
344	337
217	261
932	357
358	212
367	134
613	370
677	807
244	613
761	357
596	630
338	969
469	237
613	181
595	614
476	138
0	11
376	383
207	86
112	209
305	326
309	712
315	436
258	631
323	142
553	513
334	22
829	213
786	794
493	11
357	185
89	633
50	161
75	633
124	633
74	633
642	21
132	93
169	833
901	331
375	634
237	634
21	241
134	108
406	83
423	635
145	168
352	140
194	587
256	94
706	154
449	171
225	435
440	247
604	652
24	115
627	19
472	921
473	636
262	410
44	416
422	25
286	327
545	472
81	916
540	252
353	211
394	345
302	953
475	359
969	128
357	370
25	31
959	24
365	580
124	161
326	11
329	639
153	639
331	639
575	655
171	702
458	139
473	0
265	2
602	302
717	171
329	533
408	462
135	25
441	651
609	237
457	315
133	140
632	690
469	633
404	137
247	642
248	4
612	541
22	62
493	484
87	206
10	88
184	8
149	643
847	343
739	140
56	186
575	433
406	691
314	81
190	875
403	92
21	94
972	670
527	472
570	3
24	645
481	443
435	11
551	134
141	235
180	166
689	276
282	124
149	7
227	18
124	39
214	18
934	216
227	817
791	238
810	236
97	126
323	134
236	655
51	648
460	461
847	772
155	657
881	550
781	523
152	654
344	113
68	507
38	649
370	649
74	373
390	649
573	421
68	889
457	921
152	761
108	547
845	592
189	460
260	879
151	0
917	976
700	763
630	56
107	570
637	72
592	308
401	494
416	396
588	25
459	9
453	84
457	259
646	603
92	583
608	295
882	213
392	624
752	73
633	317
365	512
743	431
717	452
338	180
997	505
22	330
221	160
926	145
435	309
490	90
795	389
626	271
402	38
66	426
562	827
100	412
113	656
147	114
25	477
132	23
744	124
627	307
87	35
642	657
24	141
179	654
655	931
968	74
159	84
380	658
113	20
24	113
121	658
124	51
903	772
401	126
880	811
252	544
125	228
50	227
872	861
896	15
239	950
244	275
545	113
0	111
253	124
789	577
444	660
276	373
326	375
434	385
795	713
253	363
200	954
734	526
674	675
650	201
682	827
57	269
847	621
309	458
909	428
420	399
194	252
921	124
416	963
153	663
487	175
315	196
20	691
322	84
283	4
382	664
333	181
132	664
289	685
402	22
6	82
892	142
598	124
438	375
76	678
521	693
26	378
71	83
549	2
81	97
651	699
89	685
329	93
584	334
126	496
10	667
179	1
764	942
502	644
0	912
372	279
775	164
108	166
490	23
732	75
498	383
182	668
410	491
505	742
64	895
34	423
670	829
697	298
843	332
975	699
397	245
112	610
422	771
836	153
275	517
457	22
247	21
163	731
438	671
714	66
342	384
84	259
179	72
47	84
914	101
436	672
96	672
358	182
874	911
419	459
56	698
907	114
840	673
884	576
727	673
152	330
23	315
587	340
291	794
583	739
22	994
776	124
206	967
493	152
937	507
109	15
432	88
201	347
865	348
457	356
64	869
945	676
822	500
168	322
222	51
467	911
916	316
564	344
25	352
110	786
153	338
517	124
549	707
869	442
208	155
301	238
267	7
185	269
60	99
132	186
316	888
692	188
338	765
242	131
148	399
367	679
242	508
406	252
420	679
920	366
697	719
336	238
337	215
345	11
983	2
265	522
320	111
950	706
315	681
564	185
301	176
135	234
534	22
576	688
9	599
767	273
681	259
489	27
715	266
315	493
786	618
420	402
238	322
988	683
227	22
301	5
345	134
21	36
206	139
74	402
517	22
836	317
324	23
309	274
102	154
124	685
5	663
0	394
810	883
11	151
151	397
771	0
269	396
401	455
402	87
757	37
343	454
51	965
813	574
431	687
337	808
170	438
852	608
479	442
865	682
409	16
683	903
237	289
247	19
431	480
37	632
824	6
96	42
11	420
27	177
22	689
194	939
24	839
762	58
734	690
22	152
884	246
236	690
23	150
2	92
330	337
282	691
205	288
124	835
300	862
312	800
22	830
511	233
867	581
703	692
527	692
774	73
402	553
563	948
564	692
22	23
382	238
59	693
709	60
867	0
89	317
23	155
178	62
439	121
124	406
785	872
116	694
577	694
639	248
177	440
558	351
687	685
271	998
316	6
124	1
45	695
691	982
305	438
819	695
475	614
534	113
447	109
19	478
754	617
592	422
91	903
361	710
685	283
367	876
97	4
436	484
740	779
391	174
496	76
614	82
439	261
54	14
992	2
469	225
593	664
996	17
567	215
290	490
756	586
310	23
573	105
376	49
958	399
148	17
668	78
824	341
534	921
275	545
896	505
57	0
560	276
400	503
567	189
305	679
315	816
297	888
667	135
323	634
448	948
330	188
274	125
0	493
806	134
313	100
124	560
495	6
272	568
10	980
626	236
32	512
472	639
638	658
633	346
859	460
159	108
22	902
921	113
360	286
559	576
986	622
111	95
665	334
554	520
21	706
22	897
725	25
820	572
25	2
62	939
514	344
524	162
152	259
586	393
388	586
430	535
111	187
31	356
323	39
24	358
323	578
373	708
375	147
518	63
854	924
801	108
710	280
335	709
54	145
390	152
227	995
334	262
229	994
334	409
472	25
108	56
261	92
650	621
417	978
937	314
23	587
676	105
677	3
792	432
274	712
501	833
375	995
748	580
323	712
20	301
326	712
754	577
697	88
571	825
638	324
259	337
191	60
752	728
708	716
709	695
712	367
0	123
1	508
453	715
221	15
6	614
545	315
546	626
554	715
177	243
731	136
588	76
428	197
426	735
570	443
437	294
135	364
96	547
142	196
93	139
737	493
152	874
83	759
454	430
47	159
467	269
760	922
165	733
123	449
25	740
424	417
481	978
185	925
118	494
977	719
925	17
779	94
726	473
381	719
373	732
378	732
24	668
729	45
535	288
422	184
605	119
69	27
22	681
545	22
464	92
629	601
922	428
854	239
707	721
269	566
804	90
430	34
665	16
540	405
232	189
232	681
621	723
323	227
825	656
354	322
22	310
2	971
421	723
148	545
58	774
720	184
74	164
307	221
690	473
514	724
752	25
73	725
316	7
79	322
868	83
334	27
606	89
498	77
303	155
765	153
514	915
196	244
167	513
529	24
579	204
416	420
55	278
194	118
824	727
606	11
216	727
390	469
167	1
132	494
551	170
641	455
874	189
709	728
752	475
114	436
780	42
215	724
119	729
802	401
572	187
156	216
535	24
545	681
235	544
164	315
96	84
619	753
162	527
149	731
475	124
587	59
282	791
180	26
185	87
722	74
0	289
1	732
106	704
8	734
251	81
15	22
339	612
188	69
334	440
368	51
222	702
228	143
215	244
405	324
784	221
784	491
87	461
798	556
841	757
107	468
356	0
681	356
370	148
85	719
148	654
553	317
603	510
426	205
106	736
582	837
810	107
704	125
620	846
449	374
306	209
176	868
514	181
610	138
57	161
206	402
917	717
132	227
477	738
1	525
139	414
223	949
465	432
401	354
492	299
76	739
94	665
427	97
307	341
498	127
124	275
443	86
520	329
266	474
28	569
280	773
237	87
162	567
26	225
439	549
21	741
16	256
457	514
74	673
477	69
466	296
909	631
373	399
649	167
904	652
333	893
672	461
342	5
102	684
461	245
94	910
968	356
26	357
142	679
457	744
54	352
461	317
650	565
333	517
773	746
67	146
96	919
627	67
333	914
795	110
344	237
322	71
192	401
514	189
952	814
695	670
530	746
75	703
205	350
717	746
314	97
960	155
316	494
87	216
803	484
113	460
22	716
74	75
198	183
496	651
133	121
356	124
624	376
114	132
54	943
242	186
334	475
145	749
292	721
227	510
724	22
451	519
368	778
26	276
0	761
38	722
27	241
675	750
166	751
648	820
219	632
678	2
225	751
801	751
232	26
776	663
607	311
691	83
737	124
597	814
54	121
224	740
115	445
152	315
266	603
846	436
271	182
281	316
238	23
165	476
167	420
904	195
499	254
708	480
318	661
366	754
296	124
175	126
10	465
598	120
445	129
127	759
450	322
298	856
524	333
453	671
682	395
220	429
912	535
957	10
684	937
1	185
3	419
121	6
346	553
22	127
372	24
164	38
309	179
279	124
534	460
974	634
959	552
297	200
681	524
312	528
297	83
432	700
858	11
323	89
214	84
976	961
210	327
807	624
22	159
606	317
857	66
432	878
330	467
930	469
472	124
473	541
1	578
677	101
767	789
190	762
171	976
222	772
740	6
301	556
624	389
113	493
422	644
179	356
821	507
20	336
123	772
298	652
24	505
984	83
788	431
441	111
87	689
692	276
695	729
98	28
473	550
274	353
564	215
609	892
567	514
825	374
299	417
3	738
301	81
23	766
575	235
314	834
102	766
627	72
493	148
130	972
315	517
464	247
511	434
726	158
361	257
723	296
983	121
370	26
581	752
105	768
565	768
124	196
287	298
535	141
771	511
371	977
202	316
475	628
324	629
612	318
587	292
96	858
229	639
793	672
378	770
649	770
206	162
802	84
324	204
34	2
493	457
858	305
1	186
50	189
271	535
57	309
315	472
167	22
317	244
670	546
724	344
560	744
659	343
379	565
626	24
457	161
516	24
681	976
371	459
70	988
19	638
635	738
354	816
913	23
781	321
662	305
517	6
679	547
455	973
689	188
71	691
408	140
493	180
326	461
455	126
27	364
457	613
499	742
456	522
834	140
516	10
67	82
568	25
584	155
751	497
200	940
257	492
467	357
509	240
122	899
222	425
371	226
663	382
668	561
681	113
264	56
160	581
625	66
972	491
304	498
814	339
8	210
786	796
518	316
524	737
876	242
920	300
330	333
886	22
338	554
349	52
860	218
357	181
966	402
1	633
316	643
44	649
1	237
671	401
681	737
845	605
619	620
139	630
634	305
646	229
932	654
489	25
219	0
456	53
317	394
322	20
76	731
913	111
195	559
291	745
451	444
393	3
632	363
475	581
153	593
487	589
431	87
573	837
183	728
166	698
179	196
851	77
29	543
400	209
323	1
23	684
7	427
373	420
737	74
853	102
15	878
164	788
420	489
919	435
430	319
435	93
897	27
88	605
83	336
613	50
691	450
398	637
309	163
720	15
575	440
177	155
38	89
399	315
692	460
124	790
125	145
221	495
901	369
509	168
2	456
576	9
384	791
293	920
545	344
479	226
113	185
189	560
981	723
714	949
932	472
259	26
662	96
269	0
275	613
271	288
297	149
375	793
59	641
14	934
949	895
77	62
569	254
836	214
198	172
602	354
81	42
114	520
706	213
613	493
992	267
507	312
115	908
116	796
903	754
122	946
102	5
327	125
242	356
133	217
785	320
413	239
161	689
162	237
169	97
170	797
622	579
588	798
132	369
818	638
493	394
113	376
22	613
175	510
482	37
291	190
367	17
374	799
928	117
287	383
372	293
513	317
932	152
17	215
648	571
524	124
516	640
330	196
473	205
662	108
583	208
758	743
225	484
364	221
948	508
99	608
360	532
446	346
235	522
179	524
47	248
948	803
305	237
750	735
267	316
180	124
306	611
635	325
677	253
398	804
270	410
406	450
419	286
433	622
384	214
285	61
185	232
448	446
206	527
850	363
234	561
515	707
107	419
206	11
472	654
155	48
90	913
343	623
131	448
398	168
383	628
25	678
11	457
543	573
89	152
87	179
826	83
609	17
100	773
738	894
560	330
24	947
942	541
5	43
333	215
708	469
58	825
527	57
245	17
566	215
35	790
920	762
891	5
748	203
637	600
24	912
242	436
977	40
361	811
474	22
108	180
546	173
62	490
819	740
107	348
128	438
605	489
460	23
469	57
350	64
473	350
149	498
626	80
159	369
24	927
23	462
952	690
24	813
344	244
988	777
148	356
19	433
370	315
140	801
489	119
222	41
211	551
395	815
665	224
206	633
362	38
654	185
985	134
229	664
160	14
469	1
449	838
473	129
474	835
821	111
669	52
84	79
114	84
35	457
292	92
782	326
337	93
712	18
654	188
447	618
247	270
797	671
38	1
165	998
25	819
123	371
377	317
122	385
400	459
30	266
493	124
279	831
136	22
517	50
89	788
811	795
473	360
493	179
501	77
203	103
817	591
516	27
527	402
126	821
741	409
136	498
940	153
850	22
154	441
179	662
264	790
275	179
124	823
578	134
714	85
329	822
605	78
215	514
264	22
266	891
48	174
104	762
406	30
168	208
824	243
226	825
413	25
842	825
99	478
603	630
115	944
229	68
30	715
722	75
309	436
725	415
640	720
192	836
906	85
174	72
439	17
523	291
463	473
142	377
826	485
745	0
561	616
566	124
357	649
288	358
325	757
613	152
590	481
817	20
23	439
21	829
958	394
50	87
475	6
790	930
950	475
447	763
522	48
215	26
349	294
221	601
73	239
256	829
942	3
759	766
522	627
37	319
131	22
544	23
329	458
71	336
870	959
68	131
84	113
442	64
498	647
603	446
628	999
472	333
23	398
403	255
590	585
634	89
747	721
581	749
465	771
127	113
224	119
158	125
18	472
564	113
30	59
460	162
816	132
166	905
989	92
97	124
87	161
309	96
113	743
510	817
179	124
787	916
126	836
114	11
798	23
649	1
809	394
810	24
31	77
287	219
563	689
157	577
971	678
660	598
988	52
163	102
83	160
113	472
344	357
39	438
146	538
233	839
477	27
752	224
405	934
27	433
664	166
204	840
0	874
127	84
346	1
560	179
6	472
292	439
855	661
138	883
197	841
829	910
112	810
144	842
311	471
187	747
417	120
628	197
572	239
371	61
566	22
22	737
260	219
531	424
573	843
94	270
237	925
324	217
323	844
326	367
333	356
6	628
705	656
999	182
166	474
479	418
142	180
461	164
453	59
552	845
366	831
560	467
766	456
566	189
663	593
479	914
730	603
372	604
701	19
89	394
708	131
401	301
259	110
285	64
296	557
385	459
190	862
188	790
58	917
654	517
133	316
151	866
956	632
150	800
244	124
56	816
5	446
87	420
109	125
159	59
493	681
273	355
798	102
85	64
864	143
756	615
617	395
337	244
473	626
854	230
240	676
104	713
461	161
286	271
174	303
176	5
514	446
337	185
133	187
289	758
124	761
202	787
683	233
823	467
691	826
118	853
34	854
493	192
550	348
335	998
428	839
588	721
935	519
457	23
173	199
255	975
559	855
560	244
185	874
992	496
336	147
445	856
591	780
55	64
24	475
400	27
860	93
113	403
80	883
473	348
356	567
181	244
125	857
619	446
464	140
189	337
671	858
692	189
965	499
871	596
205	286
65	594
251	252
127	83
780	304
785	413
134	788
282	20
95	388
177	926
196	900
436	134
272	951
68	860
132	446
972	728
438	309
685	164
97	251
399	633
299	887
122	459
279	682
635	771
356	259
125	961
821	314
833	587
500	147
179	863
409	738
396	164
692	863
191	709
703	330
719	219
325	88
770	57
738	15
936	595
364	740
819	784
85	742
801	59
803	148
656	332
727	303
716	809
611	24
982	485
708	930
421	293
790	460
305	866
944	704
406	715
340	5
721	23
44	315
729	725
731	102
322	312
252	192
102	316
69	709
629	341
457	124
162	416
472	24
377	134
474	84
472	181
219	473
664	693
495	359
162	264
422	482
336	126
388	870
241	665
212	258
234	8
101	572
113	567
951	810
448	751
490	434
26	457
458	871
319	472
912	236
432	738
178	121
595	933
181	968
373	237
569	607
270	99
141	668
474	521
406	282
113	687
453	873
538	160
737	315
60	137
476	655
701	174
5	108
709	665
625	311
741	410
392	299
0	162
132	248
704	574
403	304
926	48
397	317
0	316
258	141
76	23
578	876
858	438
687	494
159	446
938	866
141	959
567	534
130	726
472	271
595	575
309	620
101	306
173	530
775	633
344	776
488	783
112	69
125	557
27	728
76	494
43	178
832	25
589	79
181	460
227	634
793	211
21	409
88	909
449	201
316	139
60	67
586	428
644	15
487	973
73	877
405	76
662	39
472	467
473	881
45	119
309	753
582	300
39	858
615	631
22	391
59	128
895	143
119	897
651	77
680	531
681	50
128	338
685	38
466	472
823	162
397	1
829	262
374	418
410	614
844	453
84	715
378	113
601	19
180	461
99	885
358	112
409	936
24	792
604	886
520	166
249	663
665	637
174	23
469	161
452	886
854	423
797	858
47	533
866	377
208	749
80	690
875	887
0	613
113	800
421	343
179	888
179	215
358	388
81	888
394	420
249	889
874	893
879	61
938	75
1	170
187	536
90	240
158	129
841	890
28	887
23	54
344	124
234	205
873	817
276	687
148	681
139	446
446	646
249	453
609	438
572	17
301	868
885	595
609	57
344	689
674	570
553	74
608	673
496	757
656	682
460	17
685	18
518	833
232	893
745	842
375	578
184	628
225	93
26	189
808	276
414	192
703	370
820	711
251	127
133	721
530	404
946	895
698	620
909	896
809	264
817	283
828	592
474	109
57	22
425	471
632	80
523	555
564	206
166	18
808	269
809	402
26	333
47	4
151	89
956	856
387	66
75	396
79	5
268	320
870	738
17	373
316	53
247	188
387	735
906	899
285	298
612	962
152	189
932	113
733	625
863	189
315	716
150	647
7	251
711	347
923	314
4	450
396	551
822	114
378	551
593	30
412	718
385	652
388	246
124	399
394	124
354	487
809	687
908	426
170	228
806	166
733	426
806	211
427	81
815	789
687	346
688	101
794	542
868	238
128	131
708	35
121	265
318	55
127	297
131	905
132	905
433	584
321	935
717	404
70	321
517	737
980	176
259	524
527	189
234	473
775	142
74	333
23	4
1	782
790	918
801	907
431	809
289	687
244	0
8	908
671	634
637	54
538	539
967	367
351	392
342	83
863	22
500	693
264	877
71	84
438	948
524	0
14	72
460	206
193	166
579	405
99	910
25	910
147	108
598	504
113	911
490	549
674	742
61	122
124	188
602	389
631	288
743	609
613	357
235	82
885	709
630	871
275	344
534	276
218	282
287	857
534	57
496	470
88	191
11	134
219	879
223	914
27	845
880	942
25	213
25	136
758	164
899	764
907	905
507	834
840	216
76	464
18	44
740	433
450	71
106	896
180	0
643	7
172	351
234	107
763	468
554	225
744	22
229	108
232	124
568	236
26	244
493	918
427	238
4	646
460	57
158	63
865	623
24	631
438	448
921	0
95	24
25	303
967	87
857	881
297	193
749	462
13	328
523	100
271	546
86	286
460	89
411	235
919	619
405	344
421	789
373	390
436	458
786	530
890	25
133	653
917	666
443	677
777	929
835	384
135	230
346	89
188	808
229	474
582	123
160	627
185	216
178	217
251	923
231	19
200	470
982	149
37	24
51	268
542	811
81	266
398	73
180	399
74	925
414	540
859	162
943	658
116	565
670	0
389	424
23	992
432	729
433	82
860	124
441	2
569	927
196	689
682	659
86	106
362	164
999	870
703	189
736	559
515	647
861	364
183	45
315	974
317	180
319	109
822	446
447	929
840	986
269	457
147	23
124	286
470	102
678	118
357	259
914	98
350	850
73	230
900	222
57	276
527	22
638	315
732	345
183	841
25	15
443	931
250	417
741	67
566	186
75	685
87	142
89	180
91	573
93	646
6	933
517	681
923	126
860	132
137	14
881	688
139	96
122	418
211	698
149	42
415	991
413	113
629	727
334	725
630	309
281	975
99	67
837	935
424	152
518	89
477	839
119	851
608	156
448	22
216	290
896	503
176	485
896	400
395	886
525	788
613	545
23	540
202	993
220	941
11	547
898	179
75	553
16	177
918	525
17	919
184	476
930	0
134	113
216	673
515	653
133	747
228	611
236	636
210	198
39	606
589	826
953	351
165	586
178	840
329	783
483	940
172	28
137	380
370	941
476	212
355	372
120	965
83	354
222	98
374	607
266	114
939	441
732	35
173	769
301	124
442	277
354	193
125	29
146	433
639	369
23	681
290	642
232	215
638	2
4	131
5	984
900	875
97	684
246	799
298	570
56	322
201	718
781	257
209	8
843	945
27	161
264	35
207	66
798	518
638	178
599	899
420	633
737	654
173	947
837	777
89	189
760	542
22	20
111	133
212	947
17	22
434	69
233	959
692	244
970	245
553	289
259	196
23	641
748	447
587	518
654	761
640	854
161	75
349	178
75	545
22	460
23	678
8	736
25	950
26	613
27	740
399	57
851	36
641	193
667	415
51	28
427	200
476	951
24	952
24	173
619	940
212	473
963	227
424	299
4	266
20	283
51	123
349	562
16	240
117	125
664	646
539	600
378	920
295	231
125	24
267	834
399	245
292	739
297	954
112	388
264	113
29	594
644	230
125	429
24	769
599	955
474	664
870	531
251	486
550	234
563	96
880	965
565	22
920	454
909	495
276	232
22	831
756	959
242	166
624	287
312	849
315	22
147	225
345	958
346	289
357	737
759	200
184	15
643	192
186	907
291	129
921	179
828	8
439	281
859	215
473	526
375	547
3	0
397	377
924	516
525	390
22	799
325	792
694	961
17	232
19	48
145	235
307	23
234	426
778	157
96	147
527	994
27	941
475	99
185	467
891	248
745	190
539	6
899	101
233	325
323	963
18	963
283	493
494	295
60	27
717	58
510	315
498	118
650	820
486	42
529	632
859	493
179	7
415	27
310	241
716	480
305	170
831	988
316	766
317	782
994	472
319	400
987	49
194	23
866	461
467	613
758	469
684	315
472	196
365	66
778	421
185	514
448	227
284	550
457	968
128	458
244	467
458	969
472	681
4	474
244	567
907	783
484	969
785	709
131	153
142	227
695	60
169	81
964	84
968	932
275	206
111	971
194	121
369	340
549	124
39	134
707	77
375	5
730	113
911	457
818	62
545	932
933	972
432	364
935	169
214	973
110	711
15	76
302	927
454	594
418	742
232	859
898	974
941	935
901	309
566	259
332	623
921	974
456	622
776	711
869	277
691	589
4	382
607	28
939	178
237	681
609	480
818	133
870	143
469	431
113	918
483	448
296	565
708	87
148	93
313	811
257	794
244	911
274	18
130	769
163	137
596	329
480	859
84	817
821	450
924	845
522	216
610	473
244	979
60	950
486	2
276	22
264	743
441	916
284	66
922	277
535	616
654	0
932	0
376	928
25	785
252	133
887	762
84	730
473	944
738	37
818	268
46	371
737	472
953	41
414	464
204	265
146	741
40	914
743	26
669	29
47	730
907	147
524	315
232	460
916	267
4	238
337	863
401	984
591	984
687	26
293	124
177	341
1	289
196	237
467	344
206	431
115	207
249	248
431	703
336	255
18	11
563	225
243	997
86	805
23	410
217	127
274	20
267	268
124	987
234	537
102	23
718	519
445	106
124	175
936	270
264	44
503	999
241	611
931	107
513	44
774	705
133	989
108	163
581	637
84	891
144	683
140	989
739	255
432	256
351	880
118	71
235	146
460	26
250	14
119	990
0	472
999	422
306	644
299	648
357	808
27	522
603	5
457	196
963	461
472	758
498	22
356	480
501	766
493	333
183	184
113	189
87	196
288	473
174	415
124	326
238	456
911	744
385	742
921	994
922	95
473	49
101	425
809	930
126	84
84	20
205	883
826	641
722	17
533	266
133	43
966	996
35	402
69	736
323	367
305	501
846	458
33	470
300	347
885	82
476	308
309	329
764	207
986	54
318	85
767	669
272	529
536	155
125	224
149	200
236	80
444	847
724	692
124	991
161	1
617	777
73	25
167	74
618	623
