286	443
166	765
370	0
390	264
442	977
202	556
234	125
901	124
170	108
791	826
28	875
609	373
445	526
94	334
62	398
822	93
372	778
179	5
4	964
252	4
453	4
401	4
487	5
148	524
501	780
835	20
281	136
89	345
18	892
6	235
308	655
358	130
7	923
248	175
520	108
168	178
934	840
1	345
2	408
73	832
480	823
353	448
308	920
11	17
82	475
379	472
431	685
644	48
3	101
4	510
49	965
0	17
164	17
518	169
511	76
455	282
59	664
390	809
180	18
0	18
131	139
2	960
600	936
4	889
286	942
59	329
77	2
473	472
183	771
190	100
25	502
420	1
92	549
4	20
5	354
11	461
282	126
633	18
69	262
510	248
124	331
1	11
914	946
942	393
260	530
84	22
10	423
938	11
17	396
689	124
0	22
1	326
17	124
18	634
759	316
200	643
403	23
990	894
2	23
118	699
22	921
706	933
881	769
913	707
75	457
969	186
866	11
65	656
1	148
655	636
60	25
24	561
515	23
494	154
126	487
823	22
420	151
24	680
423	667
0	26
21	27
182	109
952	165
59	139
25	27
26	131
0	556
396	167
390	289
109	209
719	869
19	243
0	171
27	890
180	11
14	156
692	17
551	18
911	344
653	540
24	473
882	19
435	458
81	304
636	814
26	761
447	437
208	622
35	930
749	307
440	67
356	206
202	102
181	50
601	539
0	275
582	827
286	881
9	32
842	263
87	75
32	884
7	486
11	551
17	431
277	424
23	33
138	24
290	177
119	832
119	592
170	578
758	74
667	34
87	264
387	652
32	574
131	83
191	179
941	366
161	467
242	996
990	27
568	15
533	593
318	962
936	235
88	477
871	93
528	154
529	568
741	6
411	614
74	242
25	771
114	139
413	749
0	96
132	342
681	11
163	150
5	836
0	38
568	24
33	470
75	420
513	38
231	145
1	39
4	59
675	961
187	265
851	740
35	89
189	259
193	20
101	550
474	248
962	207
743	44
298	599
494	2
812	814
86	941
120	280
133	540
33	42
5	453
488	775
22	524
553	50
17	469
38	167
395	0
1	461
2	496
721	90
616	738
23	43
17	44
553	44
50	188
88	434
83	124
19	146
422	552
682	617
902	324
832	45
25	319
161	685
27	972
28	624
18	89
254	614
23	295
504	222
757	502
326	866
616	24
532	624
332	760
22	337
230	725
385	311
827	366
142	124
513	18
922	927
23	414
24	977
851	25
518	731
584	99
828	24
426	700
551	712
566	823
693	114
22	316
66	381
44	50
0	50
167	315
633	732
250	77
841	145
22	50
26	50
995	1
830	857
18	377
122	799
174	145
776	472
396	938
98	195
192	108
0	426
0	87
4	693
259	472
611	535
1	89
5	591
989	2
916	53
22	11
728	191
0	520
290	19
11	76
563	375
857	610
34	845
22	147
509	23
39	634
866	39
50	356
306	951
315	161
472	613
469	958
703	181
108	126
296	723
932	148
633	44
189	148
18	57
148	151
514	356
148	697
962	125
567	26
436	435
496	439
22	493
583	23
597	24
750	115
179	26
178	490
722	44
641	79
56	793
685	0
773	717
551	39
5	59
44	74
471	117
964	218
20	453
269	22
23	243
258	24
291	100
495	475
260	61
28	598
26	493
404	492
251	192
221	642
112	8
756	511
854	434
26	113
588	320
351	302
807	125
35	390
259	0
866	1
458	147
352	926
23	202
515	202
22	357
511	212
403	2
302	144
11	26
585	617
248	59
312	7
983	124
678	464
108	22
75	11
922	987
312	868
178	23
50	91
101	365
682	448
64	122
736	597
776	50
491	198
0	23
551	0
910	728
232	654
782	180
246	24
20	71
704	129
88	720
406	641
44	420
54	124
737	50
167	394
45	69
24	6
140	439
144	927
491	10
109	271
18	866
494	954
146	657
852	145
855	682
412	713
5	71
316	150
729	60
341	926
306	24
217	398
467	26
208	943
47	23
784	99
282	5
721	48
72	43
23	608
232	0
807	383
8	158
439	403
433	23
112	24
94	247
253	387
50	493
336	314
57	703
898	0
17	74
18	74
594	395
561	109
199	24
22	46
40	122
729	27
950	861
35	469
557	70
50	610
370	517
73	184
68	329
225	1
783	186
609	35
18	75
536	72
347	978
446	59
17	685
862	50
878	792
512	195
345	75
993	316
429	542
270	475
461	305
314	312
292	804
65	451
826	79
182	561
50	56
143	197
505	999
538	600
238	149
443	419
559	287
366	388
935	865
507	79
67	270
87	1
11	124
303	22
23	81
319	15
392	558
23	304
473	286
25	364
705	781
27	82
460	898
50	11
35	918
5	83
23	518
18	50
231	391
96	508
371	385
860	23
57	808
54	622
620	547
63	84
157	190
23	268
24	319
604	311
730	175
828	246
886	28
748	723
169	23
24	430
566	330
683	291
60	45
148	472
22	87
493	87
85	223
473	23
26	87
215	687
223	471
277	946
23	983
24	733
25	88
26	206
27	670
757	335
42	136
44	89
54	579
879	28
53	77
859	57
297	81
113	206
241	440
377	11
137	155
166	919
655	24
553	89
508	458
50	89
566	790
11	305
998	15
540	48
487	193
345	245
193	715
0	185
38	416
462	90
383	298
23	975
185	87
495	867
22	333
23	149
613	333
238	83
26	356
498	159
75	399
316	787
805	726
415	73
441	408
2	464
634	858
206	57
800	127
255	150
566	467
295	90
386	80
839	430
913	108
674	3
364	359
394	75
390	22
405	268
176	126
209	212
23	11
380	23
972	25
26	124
861	27
827	945
254	98
710	978
59	114
63	53
561	306
544	653
129	830
84	4
732	89
318	572
701	36
360	778
829	575
255	102
367	461
401	973
111	739
121	324
69	851
452	773
30	730
484	497
431	74
802	453
11	170
17	525
278	425
554	619
773	347
83	102
448	148
27	752
555	781
556	281
124	794
149	251
940	93
111	747
272	24
1	227
699	2
24	50
998	129
107	586
103	768
289	402
259	22
142	533
974	613
93	192
22	68
476	473
314	127
315	77
718	786
66	106
320	178
101	541
886	104
1	134
653	2
88	135
987	389
494	22
461	606
559	144
696	884
205	219
352	522
478	217
59	108
878	720
0	715
227	551
96	323
53	102
48	356
1	378
314	528
7	759
25	16
743	289
258	246
20	641
54	137
23	653
210	548
25	334
52	91
230	27
23	111
436	563
599	98
108	438
656	113
535	272
568	228
109	912
877	24
448	11
472	449
268	261
686	875
23	124
245	323
18	782
971	133
22	113
330	534
720	422
25	241
579	121
731	23
26	724
891	282
26	915
69	410
148	125
102	4
169	33
36	25
224	94
226	659
4	715
473	115
237	930
676	116
229	84
491	94
483	68
827	395
88	667
95	117
212	471
218	71
113	724
965	772
530	838
464	62
82	99
114	83
76	118
739	77
408	118
110	120
113	188
844	317
69	191
539	642
204	156
411	25
713	300
5	126
754	66
904	576
89	17
96	679
953	120
362	378
357	0
58	226
990	645
4	90
856	381
435	801
997	82
939	121
22	478
365	122
540	699
17	514
853	267
315	26
90	960
433	247
152	212
585	273
838	717
105	157
892	89
446	20
859	87
88	592
84	591
878	552
502	605
113	124
119	73
318	106
305	844
893	0
849	149
315	818
267	33
2	20
107	101
473	327
741	16
0	396
817	131
459	737
17	970
242	458
583	983
938	1
189	333
518	102
309	751
23	22
68	114
735	115
507	487
125	884
331	128
427	127
0	128
26	23
977	471
549	23
24	951
25	67
125	106
111	169
124	185
714	624
126	192
95	61
146	882
513	17
640	27
0	724
889	266
860	131
567	232
11	970
583	490
967	17
401	487
232	370
198	299
544	2
4	132
240	804
289	431
905	153
22	74
23	852
458	751
702	117
22	26
27	135
209	668
382	646
457	460
812	165
50	124
9	360
59	619
119	135
301	126
124	460
367	170
0	135
939	252
356	467
708	1
17	390
22	264
23	136
515	721
629	310
26	498
627	137
17	151
18	245
23	699
586	172
25	779
915	566
4	63
966	38
26	515
49	702
152	457
739	118
160	27
261	126
917	786
215	346
66	8
59	940
985	606
929	594
255	202
115	327
402	687
905	282
119	230
869	899
651	414
262	27
749	14
259	737
50	472
173	141
52	676
185	57
864	23
378	317
23	501
101	928
170	712
326	317
529	212
281	118
320	747
725	256
129	726
71	126
23	250
559	86
108	331
159	802
186	309
952	138
131	521
492	122
689	89
402	50
202	136
143	24
356	979
685	35
715	283
124	264
108	753
72	48
57	26
78	319
82	146
353	662
644	991
324	14
497	225
608	22
23	127
249	384
25	741
764	857
101	125
127	81
134	148
215	148
0	148
1	44
286	125
31	281
33	63
367	472
472	1
305	458
765	47
0	227
83	589
102	150
125	419
439	111
133	509
315	124
625	125
63	97
34	738
620	114
569	468
124	227
753	147
329	139
608	177
87	152
181	330
848	523
579	2
696	880
356	152
35	925
353	128
103	412
44	317
50	689
7	22
68	153
6	268
16	902
22	181
23	154
66	24
25	957
237	26
25	258
143	209
781	713
241	506
81	63
817	142
553	35
898	776
269	244
20	730
43	90
739	23
738	400
148	628
116	656
578	634
77	462
153	59
220	355
408	23
167	958
145	673
110	499
124	681
551	142
139	520
419	572
473	952
83	126
229	159
22	527
25	133
608	48
50	654
491	334
403	281
105	842
913	43
89	179
90	23
311	122
706	179
675	101
390	161
897	933
337	50
148	113
2	149
89	161
340	923
84	176
227	876
255	699
183	635
50	57
725	6
675	3
137	156
224	584
23	163
635	34
402	57
837	116
461	551
43	121
152	681
26	167
578	438
289	809
22	722
795	612
36	160
138	165
276	188
22	484
152	151
331	630
816	166
114	166
380	391
178	48
630	166
283	384
46	811
899	459
87	167
253	318
174	137
67	495
98	285
416	167
450	238
174	943
292	168
699	133
194	168
876	134
537	535
206	689
251	684
8	125
400	141
292	441
2	292
22	121
108	329
480	26
505	173
83	455
227	170
462	131
563	846
488	606
24	537
679	578
22	27
151	74
570	9
558	598
60	656
74	513
389	879
970	89
898	315
31	699
693	248
880	773
57	259
47	59
650	379
136	316
43	62
434	516
289	17
309	338
36	475
180	333
24	696
111	544
77	993
189	185
4	175
0	911
11	149
562	293
897	25
97	849
68	20
239	734
33	518
497	132
890	729
507	176
124	431
647	494
99	177
21	82
45	605
456	297
949	40
125	66
749	137
56	166
816	453
94	27
175	382
0	124
202	118
44	164
208	2
22	232
472	179
607	106
159	835
175	218
790	57
39	170
162	89
965	113
947	615
186	139
874	613
727	243
124	181
125	55
93	127
581	177
152	181
148	181
143	182
442	254
304	993
39	963
615	956
493	932
277	95
169	102
326	211
223	604
331	554
148	22
73	890
414	187
17	75
78	184
34	434
218	5
381	125
333	2
136	494
210	704
179	185
368	831
225	331
22	185
265	252
786	444
76	229
278	807
22	151
11	315
290	538
78	27
81	5
194	187
756	182
369	905
722	167
78	15
649	22
618	656
152	188
809	161
163	92
338	166
357	545
179	188
181	188
69	135
902	779
87	396
453	384
103	85
149	79
788	151
134	397
488	142
386	407
280	110
585	70
805	9
358	138
166	619
124	167
22	170
179	333
628	15
652	95
35	525
361	862
202	739
74	181
901	93
235	741
159	114
877	199
179	911
181	564
188	189
125	906
910	740
91	929
89	525
135	841
791	71
921	148
777	843
199	503
179	467
141	792
839	535
50	152
605	854
38	161
719	117
970	167
164	179
305	948
761	196
660	379
127	149
132	59
623	466
162	196
64	418
763	928
951	561
59	22
704	80
77	494
81	102
334	16
95	198
446	551
745	660
904	253
186	225
28	198
469	44
883	109
37	552
22	657
805	125
387	107
27	224
207	574
947	306
53	200
969	329
482	0
72	475
125	611
688	86
523	842
234	106
969	108
698	331
880	504
246	615
463	733
63	83
87	716
528	97
274	797
904	383
131	56
53	587
153	139
276	460
901	59
113	152
240	324
427	0
921	524
943	522
520	331
418	285
202	81
492	294
681	0
545	0
232	915
81	7
11	39
552	183
89	274
602	98
455	192
179	1
205	101
164	206
113	457
124	932
125	426
726	124
985	377
93	0
98	371
767	573
178	902
597	631
651	588
236	529
0	743
11	367
51	666
23	240
24	546
17	161
776	22
17	475
24	209
3	286
26	181
586	24
577	988
271	645
118	77
473	343
234	210
472	26
207	3
99	247
25	829
20	450
602	569
14	638
22	761
882	82
149	81
645	870
434	183
57	87
1	396
121	398
38	317
114	113
493	215
950	213
29	105
577	711
151	448
578	179
602	875
11	770
362	148
151	378
637	320
155	174
777	321
50	196
77	496
848	718
370	201
293	796
209	828
742	171
73	69
506	36
599	3
810	616
143	272
36	595
27	642
883	610
818	902
844	806
439	148
937	251
229	153
159	248
214	964
125	572
333	344
869	98
957	88
99	19
484	435
840	23
492	172
179	181
790	469
300	815
91	618
83	791
68	693
52	683
816	139
222	922
903	273
215	467
22	180
78	503
867	221
683	451
160	657
567	337
467	514
82	741
196	527
723	580
826	126
970	75
703	188
715	401
359	25
313	104
872	82
379	847
496	739
107	223
242	108
683	580
939	658
382	218
642	19
970	1
215	0
590	291
18	317
162	87
87	940
935	457
863	566
179	994
494	498
128	801
289	124
383	64
139	225
148	613
954	127
113	566
140	441
214	873
414	261
548	813
503	482
844	227
887	532
134	317
895	559
308	228
887	558
210	856
53	124
546	228
191	832
446	500
79	401
382	229
446	783
770	89
11	712
124	229
514	179
605	230
282	446
54	391
705	263
125	764
434	230
154	250
62	168
7	62
752	78
27	864
834	83
140	92
136	518
109	531
738	141
289	26
244	148
155	629
462	653
564	152
356	185
308	952
346	44
183	423
207	443
645	430
50	1
171	571
27	741
115	805
681	179
403	140
7	916
0	179
506	235
6	270
192	973
16	575
73	221
124	438
131	79
883	236
521	248
19	160
50	370
232	613
480	925
475	506
161	22
148	237
527	237
592	700
22	979
161	237
206	269
211	563
363	24
56	446
734	548
275	17
493	131
57	162
24	182
534	162
537	690
230	239
189	344
779	440
168	240
997	174
40	946
348	205
307	145
907	211
121	72
94	410
226	711
161	758
57	925
163	255
443	884
16	595
441	403
858	242
469	148
486	427
534	724
139	242
177	600
588	111
772	172
345	134
694	0
244	472
124	370
438	166
166	153
94	885
826	406
687	57
26	151
162	244
582	659
151	245
10	854
237	525
123	146
338	132
627	749
23	267
46	492
84	62
514	560
694	929
4	79
84	218
293	91
23	618
867	36
27	785
25	256
243	324
27	465
442	499
322	124
342	126
968	370
211	131
893	148
0	161
25	325
548	24
618	294
218	249
506	221
803	132
246	143
11	44
527	416
714	652
154	133
140	250
113	1
47	639
397	770
131	520
226	504
879	40
139	56
161	26
163	169
135	60
20	124
134	142
62	804
78	183
543	466
979	113
356	244
11	397
187	405
337	356
74	1
894	413
98	442
417	569
35	17
689	17
44	38
521	591
486	643
152	823
281	798
628	143
241	247
2	111
304	255
889	248
11	89
126	23
750	677
124	87
835	283
889	639
164	148
657	235
166	47
153	132
144	120
148	737
151	345
232	152
187	707
118	462
811	978
486	97
362	782
755	419
316	780
961	677
225	801
148	259
920	935
665	27
556	647
486	684
336	485
179	259
672	497
868	63
683	557
75	180
89	124
126	486
104	260
826	5
97	149
210	473
508	211
960	261
595	22
287	55
108	698
300	848
435	329
547	672
320	295
662	803
494	127
22	206
82	583
952	690
768	580
365	125
308	125
404	28
825	260
104	257
75	38
533	84
108	211
297	868
375	56
922	279
414	252
744	460
452	52
286	66
658	265
894	482
995	712
22	373
156	891
67	433
921	545
729	851
239	957
775	75
63	267
92	439
59	93
705	100
81	340
494	267
57	188
873	641
128	147
194	148
62	268
511	197
307	14
409	440
716	609
473	36
50	244
211	679
560	564
172	302
36	270
230	22
42	267
21	270
564	50
401	59
235	72
127	643
951	233
131	166
907	860
36	221
815	157
189	564
113	458
734	130
236	272
27	239
403	77
892	377
180	134
698	114
989	23
214	5
215	893
99	538
65	782
493	170
5	973
803	96
633	164
23	406
227	679
948	274
294	760
22	35
406	71
215	275
885	334
538	359
516	990
26	275
196	276
915	185
626	568
513	390
873	249
196	188
823	276
7	31
216	137
386	313
3	953
457	979
167	378
189	180
124	735
97	954
706	262
710	811
110	226
23	651
74	493
216	43
114	56
25	670
765	229
0	534
125	927
71	63
610	308
459	468
182	870
244	179
4	17
864	909
31	77
414	133
0	164
86	360
460	0
897	439
150	501
610	655
698	801
71	23
498	23
193	450
214	891
237	75
14	231
97	7
179	319
149	868
259	275
434	119
821	63
919	186
734	704
246	22
763	222
26	148
917	104
24	531
309	39
378	18
793	436
289	708
941	582
588	281
0	560
1	488
148	18
609	918
438	134
275	915
974	148
233	535
104	773
322	456
444	291
135	924
736	271
104	452
50	215
871	56
112	212
185	493
877	288
106	381
149	53
57	330
287	64
235	99
239	890
519	242
681	244
245	11
467	275
16	270
570	696
143	25
931	125
155	341
935	659
652	107
0	776
816	619
904	955
565	660
695	728
494	97
200	316
660	981
63	7
448	309
248	533
353	96
500	630
219	55
114	47
602	900
510	20
93	483
772	875
796	524
153	382
387	541
580	815
215	124
232	493
236	526
874	517
27	73
107	66
87	17
483	131
983	818
93	5
121	295
193	510
476	24
421	296
106	327
280	762
483	128
808	703
702	717
315	259
831	543
363	830
804	490
215	259
839	319
766	556
357	275
266	89
269	330
903	437
519	542
4	406
456	340
990	88
436	751
661	559
907	329
27	709
555	407
231	208
719	900
113	654
690	210
412	705
52	557
132	131
29	91
713	418
250	588
807	120
24	325
191	25
448	170
263	100
103	848
38	160
562	70
242	846
701	824
545	259
262	695
47	985
95	604
620	672
312	71
885	6
721	651
294	203
916	23
335	393
11	662
316	304
263	862
653	398
125	425
715	126
108	919
227	305
23	494
24	109
25	701
746	976
495	433
616	489
151	317
182	27
552	15
727	926
244	514
497	671
464	22
831	279
216	72
1	75
971	23
163	647
31	76
64	28
27	980
813	158
220	718
92	250
102	833
700	957
316	42
564	179
22	937
11	488
147	309
138	526
204	231
326	134
146	581
147	801
980	88
152	357
194	90
275	979
6	67
459	652
340	312
838	22
161	431
124	189
22	249
341	600
423	465
248	266
276	527
937	312
628	428
301	312
114	93
366	865
61	311
388	774
29	116
776	179
816	822
79	214
481	263
151	488
23	472
27	423
53	800
800	23
217	405
206	315
194	261
211	458
72	231
178	307
435	227
113	87
337	553
393	125
581	155
21	67
166	139
140	111
49	437
853	316
0	457
1	317
11	317
319	316
23	121
111	462
124	294
124	38
125	318
118	178
229	533
688	381
803	547
1	181
331	353
114	128
286	541
347	260
59	229
174	727
134	245
250	320
259	333
128	816
81	456
472	275
137	265
161	44
558	424
412	124
223	122
395	865
939	509
947	15
441	0
42	739
50	514
202	647
428	400
510	71
305	323
672	128
848	542
146	177
317	323
0	64
23	292
380	986
211	186
82	221
222	949
232	344
157	981
678	202
2	295
334	670
756	143
870	306
910	270
588	403
276	162
249	5
410	475
259	370
716	237
269	370
649	317
436	211
215	196
192	641
206	237
148	131
699	136
348	381
89	244
554	128
848	481
315	517
848	328
16	495
451	523
220	105
114	596
666	492
186	329
372	444
423	415
86	696
53	127
58	260
152	215
322	176
985	142
812	158
244	232
18	435
471	219
132	84
375	274
357	514
16	247
402	17
198	285
850	112
603	47
304	731
840	622
586	109
290	252
683	332
363	814
315	333
566	692
0	333
514	74
11	87
72	307
168	960
456	126
185	181
38	925
148	859
513	416
609	206
657	221
856	881
38	206
173	335
445	381
900	499
680	209
448	375
176	456
330	26
344	517
480	0
596	166
153	108
315	337
750	125
399	317
599	223
632	812
330	823
703	514
217	23
476	548
186	338
465	88
211	672
662	242
442	171
566	703
130	813
41	28
852	72
392	686
135	45
508	147
258	308
152	244
785	16
162	716
62	983
25	197
176	340
519	481
79	791
82	341
807	674
368	113
992	92
973	79
166	113
775	11
84	131
606	1
188	22
192	342
80	546
89	420
81	53
882	495
142	33
628	829
888	53
98	277
22	344
473	445
617	789
637	204
26	344
635	88
289	525
105	562
944	125
737	0
112	952
18	345
999	738
928	28
113	356
167	346
22	120
97	739
964	126
369	131
394	11
900	922
400	24
237	480
573	562
761	517
84	901
558	51
388	24
68	71
34	88
278	473
111	92
472	281
24	197
126	127
78	430
108	630
18	375
50	148
68	59
57	75
315	113
111	252
125	350
508	435
275	22
122	85
212	143
568	109
120	51
386	22
125	205
127	684
737	370
152	185
315	893
583	217
317	712
531	233
394	377
814	856
188	564
318	961
263	103
479	742
352	303
305	353
505	978
306	828
68	940
420	74
78	88
482	434
38	11
105	789
282	354
162	402
590	355
384	193
69	88
995	323
192	193
515	509
679	206
771	88
218	266
232	356
360	764
675	884
248	84
524	357
113	357
287	339
124	357
695	924
68	186
767	349
237	269
265	54
173	631
536	99
269	472
228	129
526	856
179	370
214	283
162	188
815	279
796	157
22	179
598	302
67	243
68	331
612	360
528	53
402	75
2	76
181	5
852	156
68	901
124	134
152	370
571	46
260	449
931	86
506	99
75	362
148	124
87	687
89	362
90	92
5	192
98	51
454	466
894	640
179	968
554	497
158	350
346	17
262	910
934	265
82	539
641	266
244	185
19	177
0	189
688	393
25	155
188	863
860	114
399	970
337	232
195	899
148	517
731	150
206	276
181	315
861	197
982	456
193	401
533	663
908	755
323	876
136	118
336	849
124	333
303	341
349	220
248	817
203	519
508	497
486	200
186	619
244	22
30	20
654	356
455	127
113	330
54	540
191	605
444	621
788	18
124	542
560	181
147	139
525	513
312	97
18	1
724	57
923	149
367	227
541	125
457	244
918	289
399	264
622	204
864	24
90	187
117	977
137	522
7	954
566	196
289	373
802	474
248	664
304	787
242	305
161	373
315	148
0	188
9	298
71	176
249	20
845	628
181	911
24	233
898	89
188	269
375	242
394	142
509	187
152	148
215	22
335	864
283	84
132	218
368	100
760	13
532	376
432	37
79	474
142	1
844	797
770	245
474	5
417	558
799	260
186	147
113	259
14	341
829	440
193	984
536	137
907	108
203	843
26	660
20	83
124	111
17	375
457	24
504	41
24	615
19	303
838	429
79	83
318	559
50	113
376	195
946	742
874	337
741	614
90	133
266	175
700	22
441	250
904	287
562	768
403	464
166	93
176	83
945	617
499	98
179	148
180	712
478	67
642	72
98	222
25	861
551	394
126	873
283	591
231	307
225	309
535	109
251	821
62	4
397	180
28	361
93	969
226	774
157	203
39	892
216	310
960	818
788	378
113	0
905	227
107	755
792	896
303	600
733	125
474	68
745	379
822	131
72	352
357	472
495	243
311	117
20	79
434	27
127	92
208	829
604	772
21	478
264	17
682	466
377	17
807	570
596	128
812	138
625	205
490	240
124	968
651	140
276	330
515	540
11	958
352	997
738	864
8	585
595	270
124	201
286	234
250	739
344	50
517	0
217	268
776	493
524	370
471	742
666	392
88	37
260	571
17	57
264	315
127	470
28	222
931	393
89	87
180	524
457	181
333	761
402	164
485	342
44	394
346	394
682	945
376	98
75	513
287	697
71	533
228	88
89	74
36	601
710	257
142	39
315	525
245	75
898	188
724	196
553	167
201	100
578	326
325	531
384	4
749	156
345	113
337	113
593	218
170	461
42	102
208	54
23	196
69	536
134	420
394	378
0	152
863	808
14	673
8	205
11	142
113	920
17	50
167	75
491	665
131	596
915	179
181	215
344	179
980	738
88	680
283	401
966	206
44	967
277	418
141	199
26	514
50	467
337	560
390	402
196	344
357	179
49	404
728	933
62	92
178	261
74	0
734	655
90	252
820	702
276	925
630	132
394	488
494	304
309	497
990	640
50	315
581	608
841	832
361	372
780	971
320	405
278	207
134	274
416	87
266	964
162	269
491	224
181	189
284	855
87	790
20	984
756	961
64	532
190	407
96	22
90	168
778	705
539	19
802	47
798	408
325	15
591	79
309	305
609	390
408	992
823	703
179	167
556	102
111	989
755	426
162	703
40	763
221	538
414	111
813	626
960	62
686	899
42	150
152	162
460	330
301	2
179	613
789	273
700	725
774	717
232	259
219	223
740	829
344	259
389	198
74	396
4	159
56	331
909	112
178	133
530	492
644	725
282	83
126	312
0	315
800	427
578	671
382	47
232	457
474	149
157	621
119	415
746	41
133	23
511	505
18	161
629	852
42	833
137	231
341	727
345	416
346	416
68	354
251	587
319	422
754	116
113	893
502	183
801	186
122	51
844	170
232	113
81	643
685	237
15	335
986	934
21	936
26	352
882	701
393	419
399	89
96	806
310	99
573	429
176	79
251	849
24	636
26	666
674	101
44	613
396	722
244	113
480	87
237	179
659	70
148	57
463	125
23	528
169	127
700	183
176	450
199	561
211	96
663	646
541	253
232	560
422	792
327	426
659	437
14	380
463	550
696	3
310	433
410	784
129	550
394	180
95	371
242	274
399	17
404	144
490	43
77	408
124	827
170	671
0	543
769	828
15	10
136	798
445	572
326	147
467	148
355	621
152	744
361	264
430	143
23	427
380	156
738	124
976	46
315	394
780	787
997	629
897	21
20	891
125	745
484	248
325	428
985	180
18	420
382	126
65	694
148	227
148	357
362	770
358	236
650	523
470	780
472	11
16	224
898	415
747	496
411	440
17	905
120	347
689	57
57	431
75	431
975	76
89	513
724	703
353	242
142	420
1	151
305	18
236	631
214	406
744	26
173	511
924	644
934	145
130	158
301	507
312	643
113	994
124	898
490	261
127	150
132	159
544	133
213	819
505	288
783	175
75	377
514	206
185	26
186	698
469	74
235	495
56	500
139	128
164	167
880	763
149	316
152	275
184	197
457	275
779	94
301	923
28	95
378	367
5	455
489	60
321	555
369	93
111	90
825	811
803	438
384	84
15	432
697	365
494	501
340	297
969	147
308	284
127	42
77	281
660	621
315	356
420	431
245	346
793	803
340	149
529	112
626	210
849	127
268	509
814	548
289	161
303	252
188	527
371	442
191	27
517	196
305	367
401	84
215	344
55	327
793	242
470	23
419	750
353	563
253	443
485	791
333	232
762	713
442	85
342	71
876	353
576	612
342	23
203	116
505	586
284	733
434	592
295	804
316	494
259	50
993	759
79	192
205	956
257	58
68	446
57	367
788	74
339	459
899	9
273	447
536	829
833	150
433	600
1	685
476	537
527	457
295	268
290	352
279	328
187	168
754	988
245	317
634	367
595	440
516	413
178	265
179	50
730	964
493	67
731	255
26	89
806	963
251	63
175	715
3	387
200	501
124	363
871	801
542	12
468	300
433	235
686	368
420	722
47	453
125	855
573	557
267	127
795	452
59	218
229	453
22	142
23	993
96	663
336	149
180	151
436	139
59	84
25	10
179	17
69	224
549	76
196	776
197	482
893	244
93	455
249	901
33	486
888	849
179	206
722	416
81	316
59	20
152	124
306	258
458	497
129	22
151	606
179	457
564	457
603	229
888	340
188	915
189	457
90	156
28	987
142	797
142	18
133	462
227	461
332	437
39	712
438	326
196	662
648	530
621	981
262	256
81	83
473	8
386	590
416	75
514	893
402	967
489	239
35	431
753	186
609	22
1	775
976	226
485	322
43	804
620	458
193	218
162	689
42	314
178	240
336	127
180	1
641	71
26	737
154	2
839	680
911	189
665	785
17	480
548	125
336	79
162	167
148	333
672	108
18	96
638	54
367	448
3	906
83	312
635	465
84	873
196	189
406	192
215	57
477	230
340	821
140	494
277	64
421	466
913	515
594	920
389	28
113	467
365	223
35	809
649	722
181	467
100	795
737	613
128	793
259	181
337	124
310	741
862	523
287	40
819	94
74	38
2	281
905	93
661	95
113	469
23	256
554	71
587	470
151	461
177	841
796	379
156	145
0	25
161	716
272	546
586	668
24	896
25	695
26	560
695	27
319	143
141	878
148	898
143	999
150	2
714	278
152	472
161	35
425	298
151	124
5	114
470	316
532	922
479	385
532	299
528	200
225	907
218	20
214	474
78	24
574	138
185	264
885	256
651	439
264	179
15	258
109	141
142	375
391	204
520	435
429	444
178	295
392	468
103	374
831	903
96	497
433	832
658	324
475	975
330	244
664	74
512	339
55	365
438	436
491	213
460	87
185	472
495	478
14	352
177	478
761	315
504	49
475	94
391	637
160	867
305	375
416	180
846	474
206	480
289	57
28	623
47	225
764	284
24	212
168	23
323	551
420	345
162	124
275	356
114	438
378	148
824	601
223	55
256	872
809	237
232	181
552	34
18	844
416	89
472	609
108	483
646	474
495	160
476	568
329	846
161	708
465	738
22	455
670	706
353	844
233	561
148	89
953	28
115	463
641	5
8	445
387	677
134	461
474	283
330	859
982	312
628	465
333	113
783	338
317	770
125	493
411	359
474	249
277	479
224	475
458	96
500	338
0	1
169	63
470	97
181	567
688	125
182	107
671	326
146	243
474	153
22	619
850	130
477	489
508	803
978	965
647	136
33	549
206	74
180	378
753	114
206	181
450	97
123	666
22	431
142	326
86	286
177	364
284	443
23	281
457	681
125	86
267	766
408	739
908	350
429	328
994	315
226	799
375	315
310	36
41	717
402	918
405	121
507	456
457	737
340	251
119	991
194	845
315	150
151	87
757	15
161	732
149	322
135	243
916	102
183	135
377	151
887	198
645	258
453	835
39	995
134	89
98	648
435	108
12	843
23	496
38	633
166	186
92	72
435	497
877	209
247	933
356	863
102	267
589	59
323	438
118	993
529	306
477	73
126	485
662	211
992	651
199	810
127	97
166	453
363	526
450	401
93	159
114	500
39	227
166	500
38	17
140	23
88	552
472	797
281	441
474	30
435	96
81	486
491	16
86	318
787	267
0	142
225	458
380	943
60	197
92	240
894	502
196	74
197	37
886	123
56	753
183	640
815	103
401	5
493	75
417	763
293	723
479	512
39	124
125	371
504	110
758	264
755	24
29	285
899	339
8	288
620	438
272	212
517	244
370	113
779	359
390	38
140	2
19	506
681	898
491	21
65	321
342	684
495	0
941	65
259	44
149	315
806	803
92	408
0	527
6	544
521	4
384	817
394	1
398	295
962	675
306	503
251	83
738	319
0	268
518	42
214	30
384	510
0	206
396	89
474	510
90	250
406	322
79	238
239	644
945	366
526	125
663	248
109	148
330	259
810	228
812	308
955	512
298	512
503	430
437	682
926	536
333	317
347	110
113	179
835	114
264	161
128	108
140	265
87	534
278	805
499	624
113	514
124	514
385	125
513	722
154	140
121	217
719	64
384	521
181	0
187	295
189	275
304	76
426	419
350	115
842	718
435	147
436	448
813	129
433	99
581	27
259	517
975	549
853	63
343	276
257	386
55	85
664	163
59	131
164	161
505	645
148	167
175	30
454	976
22	654
23	556
228	24
316	496
564	26
339	125
152	179
73	262
153	47
69	991
448	484
566	567
342	450
22	935
646	521
297	97
275	50
185	344
159	382
232	874
607	571
540	983
336	5
50	357
160	146
346	74
342	79
57	152
12	429
606	737
735	572
244	276
192	301
131	147
581	113
269	480
892	397
815	273
454	694
160	701
457	524
164	525
457	148
14	845
464	23
40	117
24	894
861	957
574	425
101	661
631	109
917	374
42	643
57	467
22	469
309	508
764	688
921	315
284	463
737	152
729	25
330	527
93	131
981	190
714	661
28	880
218	30
379	368
753	783
124	545
613	284
926	290
370	333
463	908
544	540
597	710
853	324
716	469
299	987
919	139
777	52
341	174
406	336
686	746
430	531
80	812
436	905
158	998
440	740
307	137
746	795
242	461
280	49
850	632
476	631
997	23
125	449
362	44
663	889
971	136
474	218
345	180
153	533
765	533
658	579
22	930
520	687
337	534
527	534
207	425
361	795
593	474
616	388
408	62
724	244
23	769
330	0
18	151
0	837
259	269
148	317
19	36
332	421
417	285
608	943
736	537
79	126
726	537
524	87
98	424
264	967
843	437
265	324
99	411
524	152
133	76
589	474
601	506
794	313
830	655
130	80
550	668
409	665
704	165
245	89
620	147
333	50
957	605
603	458
199	680
160	601
225	18
89	958
8	24
886	226
235	341
193	5
229	619
18	448
151	75
897	695
23	401
196	356
255	647
476	258
356	181
652	339
899	425
125	677
534	467
840	208
26	17
828	877
980	183
90	544
663	68
928	424
834	126
604	472
418	604
355	328
966	431
149	33
446	114
982	238
179	545
30	835
181	275
53	42
146	539
606	18
108	225
831	273
131	47
326	274
498	150
493	289
191	670
139	671
305	113
775	416
30	4
206	189
148	413
955	28
399	151
406	238
390	44
132	56
636	568
409	491
215	692
322	902
77	441
349	12
618	26
52	577
424	468
526	550
499	339
392	64
991	239
424	51
416	930
215	370
377	461
269	148
914	179
6	99
472	22
20	214
650	778
345	633
346	373
75	958
720	552
59	369
656	683
259	185
661	144
377	399
269	276
747	462
10	45
436	225
25	440
93	68
710	123
460	152
163	464
113	35
955	443
131	249
732	167
599	195
944	931
474	132
151	315
319	325
801	309
563	329
866	142
355	762
322	192
503	335
0	620
263	300
71	593
517	472
473	107
152	545
429	104
892	1
62	194
54	989
529	819
513	87
119	516
567	185
583	324
189	467
687	269
58	386
348	115
747	549
92	23
865	24
549	154
955	423
431	918
808	566
457	560
18	488
981	220
805	425
24	998
457	50
333	457
477	890
32	253
844	448
97	647
480	808
175	817
628	720
390	164
23	31
271	529
524	26
497	563
500	79
633	167
524	517
301	79
275	911
204	986
164	513
514	564
87	609
527	269
534	564
681	357
381	807
11	399
429	565
213	22
23	77
259	124
152	26
866	134
472	337
169	53
474	175
467	770
185	566
564	567
289	469
0	567
416	1
426	8
625	115
16	94
51	351
149	528
494	439
615	561
331	22
457	898
460	925
185	863
23	72
591	384
200	63
472	215
769	358
517	232
316	238
524	113
254	900
150	81
715	282
895	686
96	242
113	275
773	404
461	353
225	128
348	359
461	148
232	18
168	261
686	879
305	39
48	852
140	20
421	543
576	962
374	820
783	93
30	249
734	726
40	219
603	248
410	24
756	668
534	50
176	251
683	929
736	912
944	755
556	118
226	49
85	900
420	317
785	575
84	446
583	261
996	164
148	196
66	755
71	87
0	899
740	729
52	65
67	475
38	113
25	872
308	726
343	580
230	489
407	444
549	462
814	287
75	525
153	114
147	134
557	13
493	472
956	473
174	829
138	80
79	891
348	327
501	316
900	855
200	7
640	239
113	215
29	777
179	315
557	580
558	869
777	865
506	6
69	890
591	4
325	592
206	431
524	50
124	553
931	32
105	349
628	325
898	113
942	106
437	481
767	705
966	164
375	679
579	638
21	94
380	121
388	505
767	23
237	330
139	871
186	435
582	682
196	22
459	697
58	25
556	169
187	240
555	190
201	46
54	960
855	85
154	439
982	71
87	289
9	122
473	856
750	234
369	114
349	562
474	47
24	25
730	249
131	23
472	457
302	280
63	427
54	217
310	156
850	636
2	588
786	519
536	19
18	315
199	363
685	966
365	9
113	451
450	589
745	847
50	126
519	590
105	723
98	468
423	592
748	429
532	774
438	274
410	241
216	622
81	833
919	630
189	681
689	692
236	24
307	522
768	12
612	696
378	124
163	118
289	996
218	126
427	528
802	715
603	18
22	56
692	196
834	826
524	232
93	163
565	760
69	25
279	157
175	84
22	898
785	262
817	446
53	427
954	800
82	391
367	96
23	622
732	396
147	596
782	151
680	233
258	319
590	293
288	736
211	225
50	232
748	105
524	460
89	75
3	574
315	455
139	108
473	66
609	124
42	470
106	24
911	333
591	266
142	127
388	400
90	470
368	302
938	18
118	255
370	22
872	740
793	438
50	185
57	237
742	117
976	124
148	311
145	72
8	348
986	14
226	838
87	925
0	166
350	8
113	245
166	446
847	104
922	602
877	839
113	517
999	668
28	299
74	87
482	319
322	102
107	125
216	14
93	446
44	134
932	333
809	74
193	315
96	438
496	189
778	451
537	80
524	275
945	623
934	638
759	169
139	448
785	88
448	333
318	278
470	267
142	606
547	242
5	30
909	141
566	152
274	96
109	125
282	238
460	469
648	22
743	89
949	607
276	87
22	124
23	320
72	608
728	262
55	117
740	933
593	79
139	596
218	822
0	609
314	301
611	912
333	275
369	919
87	469
507	102
104	597
187	579
774	820
787	136
452	171
106	550
484	96
968	22
124	564
466	617
587	316
784	411
438	472
456	485
346	378
211	399
473	612
530	702
209	924
113	613
600	629
474	159
124	613
535	80
18	134
34	25
51	799
152	333
268	47
234	41
153	56
154	118
124	654
914	572
59	354
693	132
288	615
23	441
936	82
7	23
102	76
477	709
327	129
605	516
281	131
182	233
72	155
142	461
808	215
386	260
236	611
506	24
355	825
113	685
5	589
389	607
196	808
830	850
219	125
627	391
61	875
543	447
603	153
166	229
25	478
139	619
437	421
46	857
593	211
416	0
301	486
4	639
985	323
114	131
689	26
555	386
981	355
721	818
31	2
148	185
337	188
448	211
457	357
802	342
457	915
23	853
936	433
974	472
527	460
979	152
50	545
790	151
95	602
929	617
288	769
784	665
22	356
162	808
739	588
594	116
125	735
602	219
872	670
124	121
465	34
33	888
897	213
517	17
180	44
858	147
338	93
682	669
470	81
338	331
662	128
354	984
738	27
457	679
508	672
931	387
144	123
338	147
61	98
565	865
626	586
214	641
510	765
564	467
344	337
217	261
932	357
358	212
367	134
613	370
677	807
244	613
761	357
596	630
338	969
469	237
613	181
595	614
476	138
0	11
376	101
207	655
246	288
305	326
113	309
547	436
258	631
323	142
553	513
174	22
829	213
786	794
493	370
689	185
89	633
276	50
75	633
24	124
74	633
637	90
132	93
169	833
901	131
375	634
237	264
21	241
134	87
406	83
423	635
145	168
496	140
194	498
256	94
94	706
449	171
225	435
440	247
604	85
690	24
581	19
472	921
473	636
262	410
44	416
422	25
234	327
545	472
81	916
240	252
353	211
394	345
302	953
475	359
969	128
357	370
25	174
959	24
321	580
124	161
484	508
329	494
153	639
166	331
575	819
171	702
1	458
473	0
265	2
418	719
717	171
446	329
408	462
135	25
441	651
609	237
457	315
163	140
632	287
469	633
124	137
670	642
248	4
612	541
324	261
493	11
87	206
10	432
124	184
149	643
847	762
305	346
56	186
94	440
406	691
124	276
190	875
403	92
21	411
972	670
527	472
570	3
24	645
9	339
114	435
551	134
364	235
472	180
689	276
384	282
149	7
227	18
269	124
192	214
934	216
227	326
791	238
810	236
97	126
323	134
236	655
51	648
11	460
555	847
155	121
726	881
781	523
152	654
344	113
175	453
38	649
370	276
74	373
390	649
429	421
68	889
457	921
152	761
25	113
845	592
189	460
260	762
170	151
917	976
28	763
630	56
107	570
637	72
592	246
401	494
416	396
315	588
459	9
453	84
457	259
646	603
92	133
247	608
882	221
392	624
752	73
633	317
365	512
743	996
571	452
338	139
997	177
22	330
221	160
926	145
435	309
490	320
220	203
626	271
402	996
66	426
796	562
262	100
838	774
147	114
25	477
132	23
744	124
627	307
87	35
642	657
24	141
179	654
655	350
259	968
159	84
380	658
128	113
24	113
121	658
124	941
903	772
401	126
105	694
252	544
125	228
438	227
872	60
839	15
477	239
244	275
545	113
0	76
198	124
789	577
523	444
649	373
326	797
125	666
773	795
473	130
200	954
956	526
195	674
650	201
682	827
57	269
847	811
309	458
909	428
420	399
194	252
921	124
416	164
153	663
780	81
357	315
20	691
834	322
283	4
382	664
333	181
132	664
289	685
402	22
6	82
892	142
965	226
438	375
76	678
71	521
26	378
71	83
549	2
81	97
651	154
89	685
329	93
584	334
154	496
10	667
480	330
764	942
502	45
0	118
372	718
775	164
108	166
216	490
732	75
2	913
182	668
933	440
690	505
64	895
34	423
841	670
195	697
843	332
975	699
397	245
738	112
422	771
836	176
275	517
457	22
247	21
163	731
438	671
298	961
238	507
712	488
179	974
47	84
914	101
436	672
96	672
358	182
874	911
419	459
822	639
907	114
840	673
327	576
727	673
152	330
23	315
124	587
291	794
92	739
22	994
776	124
390	967
493	152
937	507
109	15
432	24
201	347
278	348
457	356
64	869
945	676
59	822
168	804
222	51
467	911
916	316
564	344
25	63
404	110
113	153
517	124
654	333
869	442
380	208
937	297
267	7
185	269
60	24
132	186
316	888
692	188
338	765
331	242
148	188
367	679
242	508
118	406
242	679
70	920
697	719
336	238
337	215
345	11
462	2
204	208
584	478
950	706
315	681
564	185
301	176
135	286
534	22
3	576
9	599
124	273
681	259
489	27
715	266
315	493
786	618
420	402
238	322
988	683
227	22
301	316
161	345
21	584
206	859
74	402
517	22
83	456
324	23
1	309
102	154
124	685
5	663
0	394
810	883
11	151
151	397
771	536
189	269
401	455
402	87
757	37
343	454
51	598
813	574
431	687
337	808
170	438
121	701
479	442
865	682
409	16
683	903
237	289
491	595
431	480
37	632
824	6
124	96
11	420
27	841
22	689
194	678
24	839
762	58
734	115
22	152
9	884
236	690
23	150
2	92
181	337
282	691
626	165
124	835
300	862
102	800
22	69
511	233
867	581
703	692
527	692
112	736
402	737
563	948
564	692
22	1
384	382
59	693
657	60
867	0
89	317
23	155
178	62
2	439
124	731
183	861
116	694
577	617
56	907
601	177
558	351
687	685
142	113
316	154
124	1
45	230
691	982
305	438
819	695
475	614
534	113
594	447
19	182
754	617
268	622
682	903
361	710
18	39
367	876
154	97
436	484
740	779
270	241
136	76
614	82
509	217
54	14
992	121
469	1
593	159
996	17
567	215
934	908
756	586
310	21
12	573
927	49
958	399
148	17
668	78
824	241
534	921
275	545
896	213
57	0
560	113
400	503
567	189
305	679
315	169
297	888
667	135
323	634
448	948
330	188
478	221
0	493
806	134
313	100
124	560
495	155
272	568
10	980
626	158
32	512
131	639
583	658
633	346
859	460
159	693
208	902
921	113
360	318
559	576
986	622
334	60
665	334
554	520
834	589
22	19
725	25
820	171
25	673
62	939
514	344
181	524
152	259
877	586
388	586
430	182
111	187
867	478
323	39
24	358
323	578
373	708
375	147
518	63
415	924
801	108
710	280
335	34
739	43
346	390
227	995
334	262
457	994
334	409
189	472
108	56
261	405
650	621
17	417
937	314
175	23
676	105
677	3
792	432
17	775
501	833
375	995
748	580
323	712
5	301
326	712
754	577
64	697
571	825
638	622
259	337
0	60
752	728
708	716
709	695
712	367
762	748
1	508
453	715
141	150
6	614
545	315
546	288
554	630
177	243
731	136
588	92
428	197
3	735
570	443
437	328
135	23
96	547
806	142
93	139
737	493
152	874
83	59
428	738
47	159
467	269
201	760
944	733
76	490
25	740
424	417
481	978
185	925
118	494
977	719
925	17
779	575
109	473
895	719
373	164
0	732
24	668
729	45
535	112
422	184
605	119
69	27
22	681
545	22
464	92
629	601
61	886
854	239
707	721
269	17
804	90
430	34
665	16
540	405
232	189
232	681
412	621
323	227
22	962
354	322
73	310
2	971
349	723
148	545
22	51
720	184
74	164
4	148
690	473
514	724
752	25
73	725
163	316
79	322
868	83
334	224
606	89
63	498
303	155
765	153
514	915
196	244
167	513
529	24
579	204
416	420
55	425
194	77
824	36
606	11
2	727
390	469
25	6
354	639
551	170
641	455
874	189
709	25
752	475
114	436
853	42
215	724
119	729
802	401
912	908
156	216
535	24
545	681
991	73
963	315
96	436
619	753
162	527
406	149
546	42
587	255
4	127
24	180
809	87
722	74
0	289
1	732
830	704
8	106
251	81
15	22
677	612
524	188
334	440
713	368
222	702
228	645
215	244
405	62
270	784
784	491
215	87
798	304
841	25
922	468
356	0
681	356
370	148
277	385
148	654
553	317
603	510
426	205
348	106
582	837
130	810
704	125
620	846
449	374
306	209
176	868
514	181
610	138
57	161
135	644
917	717
132	47
477	644
1	525
26	414
906	223
465	432
401	354
492	299
76	739
94	665
427	97
307	341
587	127
124	275
443	86
520	329
266	474
28	569
280	648
237	87
162	567
26	5
439	77
21	741
16	256
457	514
74	39
477	69
466	296
8	909
373	44
649	167
904	906
333	893
672	309
342	5
102	684
461	245
94	910
968	356
26	357
142	782
457	744
54	22
461	317
650	294
333	517
773	746
67	146
96	227
852	627
333	134
51	110
315	237
322	71
192	401
514	189
158	814
695	670
530	746
75	0
931	3
717	746
314	97
960	155
975	403
121	216
803	484
113	460
467	22
74	75
198	879
496	651
133	2
356	124
624	376
114	132
54	943
242	186
334	475
145	241
292	721
730	510
724	22
451	519
368	778
859	276
0	761
38	722
27	241
675	750
484	751
648	820
830	734
678	2
225	751
801	554
232	26
148	776
875	607
691	485
737	124
597	655
54	121
224	740
115	445
152	315
266	603
846	436
271	611
281	316
238	834
165	476
167	420
904	195
499	254
708	480
318	661
366	754
296	767
175	126
894	465
598	120
445	129
127	759
450	322
415	24
524	333
68	63
682	395
220	293
912	535
957	10
684	937
237	1
3	419
307	121
346	553
22	127
103	372
164	38
18	179
279	650
196	534
16	21
959	388
297	200
681	524
312	528
297	83
88	700
436	858
323	89
214	84
976	774
271	387
906	624
420	22
315	935
857	66
432	878
330	467
930	469
472	124
473	541
1	578
677	101
767	789
190	762
171	650
222	772
740	6
301	238
624	442
113	493
212	422
179	356
821	507
20	336
123	772
298	652
24	505
973	836
788	431
76	441
87	689
692	276
695	729
479	98
473	550
274	353
564	215
829	972
567	514
825	374
299	417
3	454
301	81
23	766
575	235
314	834
102	699
627	72
493	148
130	234
315	866
464	295
511	434
726	158
361	257
660	296
983	140
370	26
581	145
105	768
565	768
124	716
287	298
143	141
292	511
371	977
202	316
475	16
324	137
612	318
587	148
96	858
229	639
793	672
378	22
633	649
206	162
802	84
324	204
638	709
493	457
858	305
1	186
50	189
271	535
846	309
315	472
167	22
703	244
670	475
724	344
560	185
659	343
379	565
626	24
336	457
516	24
41	51
371	376
70	988
156	638
165	610
11	354
913	23
781	263
662	305
244	567
679	547
455	973
689	188
71	691
408	140
493	527
326	461
455	126
605	27
457	613
499	742
913	653
834	140
516	10
67	82
568	25
67	584
620	497
200	169
555	257
467	357
509	240
122	742
285	425
565	459
663	382
668	561
681	113
264	0
160	581
625	66
972	491
304	498
814	24
881	210
105	796
518	316
524	737
876	995
328	300
330	333
886	825
338	554
296	349
860	218
357	181
966	402
1	633
316	643
44	649
315	316
671	142
681	737
845	605
338	108
139	630
634	305
646	229
932	654
489	25
219	576
317	788
317	394
322	589
76	731
913	111
955	195
294	745
451	444
393	3
632	363
581	627
248	153
487	589
431	87
585	447
516	183
166	698
179	196
851	73
29	543
400	335
323	1
23	684
7	427
373	420
237	74
888	780
15	878
164	788
458	166
919	633
430	319
435	93
897	27
88	605
83	336
613	50
691	450
398	637
603	309
720	15
709	720
177	155
38	89
399	315
692	460
124	510
711	58
221	495
901	369
509	168
2	118
944	576
7	176
113	293
545	344
479	404
113	185
189	560
981	723
714	949
932	472
259	26
662	96
269	0
275	613
271	288
297	149
375	11
59	53
14	934
949	895
588	77
569	254
836	342
198	172
124	602
81	42
114	520
706	213
613	493
992	140
507	312
115	908
116	796
903	754
122	946
118	5
327	125
493	262
133	63
204	320
413	239
493	921
162	237
169	97
170	797
324	579
588	798
132	369
818	638
3	443
896	415
22	613
175	510
465	37
604	122
367	124
374	799
254	928
287	383
372	293
513	317
467	152
681	215
648	717
524	124
516	502
330	196
473	205
620	662
583	208
758	35
225	484
364	221
948	75
16	99
360	884
53	322
235	522
179	524
47	248
948	803
305	508
750	735
267	316
180	124
306	611
635	325
677	253
398	252
270	410
406	450
419	286
63	316
384	214
285	61
185	232
448	274
206	527
850	363
115	998
515	707
107	419
206	11
472	654
155	48
90	913
343	623
547	448
398	168
254	383
14	25
11	457
543	573
89	276
87	179
826	83
609	17
100	713
413	10
560	874
24	947
942	541
5	149
333	215
708	469
58	825
527	57
333	17
566	215
237	790
233	676
891	5
748	203
637	600
24	912
242	436
977	40
361	811
474	22
148	460
546	246
62	490
819	740
30	126
186	128
605	489
460	23
469	57
625	350
473	350
1	241
626	80
680	6
24	927
23	462
952	130
24	813
344	244
988	777
148	356
19	433
370	315
414	515
489	119
222	41
751	211
395	815
665	224
333	206
362	134
654	185
938	985
229	664
160	642
402	469
449	838
473	129
663	474
821	111
669	52
108	382
114	84
1	26
92	292
108	326
371	148
712	18
654	188
447	618
247	270
797	671
38	1
165	998
25	819
123	371
377	606
122	385
51	425
30	266
493	124
656	831
136	22
517	50
89	788
811	795
473	388
493	179
62	501
203	103
817	591
516	854
180	402
126	821
741	475
136	498
940	153
233	878
154	441
242	448
264	790
275	179
124	823
578	134
714	85
329	338
645	959
215	514
264	1
266	891
48	174
811	104
406	63
168	265
824	243
558	226
413	25
842	190
99	478
483	185
115	944
229	68
30	715
722	75
309	436
725	415
640	720
192	836
906	612
174	72
439	23
300	523
463	473
142	377
826	485
91	0
561	616
566	527
357	215
288	358
325	757
613	152
590	481
817	20
23	316
21	522
958	394
50	87
475	6
790	930
665	950
842	447
522	48
215	26
669	349
221	601
73	239
256	706
942	688
759	766
522	627
37	319
438	22
544	23
329	458
71	336
15	959
68	131
84	984
442	64
498	647
5	603
628	78
472	333
23	398
403	798
590	573
274	634
747	721
681	26
465	771
127	113
27	119
158	850
564	472
564	113
30	59
460	162
816	132
166	905
989	92
97	340
87	161
309	96
113	671
510	817
179	124
787	916
126	836
114	483
798	23
649	1
809	44
810	24
422	31
287	219
563	448
582	577
971	678
711	598
988	582
136	163
83	97
113	472
344	357
89	39
146	538
233	839
477	27
667	752
136	405
27	433
4	664
204	840
0	874
303	405
346	1
560	179
60	6
292	439
855	661
138	883
258	736
829	910
757	27
648	144
311	471
187	747
417	928
628	197
572	239
371	61
566	22
22	737
260	219
198	113
573	843
208	391
237	925
324	217
323	844
326	367
333	356
19	6
760	263
999	182
166	474
479	418
142	180
461	164
873	59
552	845
366	91
560	467
766	456
566	189
663	593
479	914
693	603
372	291
701	19
89	394
619	500
401	301
157	259
285	64
768	296
385	459
190	862
188	26
58	917
654	517
439	133
151	866
956	632
150	800
244	124
56	816
5	446
87	420
542	103
159	384
493	681
273	12
798	494
85	64
864	143
756	615
617	395
337	244
473	626
27	991
557	676
481	291
179	161
24	130
174	852
791	5
860	446
337	185
133	187
289	758
124	761
202	787
683	669
823	467
691	826
118	853
34	854
24	700
550	348
632	998
428	896
588	721
827	935
457	23
173	597
255	494
559	855
560	244
185	874
27	992
336	147
445	856
591	487
55	64
749	324
400	27
816	93
17	113
80	883
473	348
188	567
181	244
125	857
619	446
464	140
189	337
671	858
692	189
965	499
871	596
205	286
451	203
251	252
127	83
780	304
980	413
134	788
282	20
978	794
177	926
417	900
453	436
272	951
68	860
132	446
972	728
438	309
373	685
97	251
399	633
299	887
122	459
279	745
635	771
356	259
125	961
821	314
833	587
500	147
179	863
99	409
396	345
692	863
191	709
703	330
719	949
325	88
151	770
738	15
936	882
364	740
359	784
85	742
317	59
803	563
656	332
727	303
716	809
611	24
982	485
708	930
421	293
790	708
305	274
944	704
406	868
124	5
6	721
44	315
729	725
731	102
322	312
252	450
102	316
69	709
629	341
457	124
162	113
727	48
377	134
474	84
44	472
219	253
664	693
495	359
162	189
422	482
336	126
388	870
241	665
597	271
234	8
101	572
113	567
951	810
448	751
25	409
26	457
22	871
106	625
912	236
432	738
178	121
595	933
181	915
373	237
569	607
270	99
388	668
474	521
406	282
113	181
453	964
538	160
737	315
706	25
476	655
701	174
5	108
10	709
625	473
99	741
392	299
0	162
20	248
704	574
403	304
926	48
397	317
0	369
473	883
76	23
578	876
858	438
889	7
159	446
938	866
141	959
567	534
130	726
445	327
595	575
309	620
407	392
173	104
775	633
344	776
488	180
830	112
62	240
27	728
76	494
43	178
832	25
589	79
181	460
227	634
793	211
21	409
88	413
449	201
391	622
22	155
15	428
206	311
113	487
951	877
405	76
662	329
472	467
473	881
45	119
139	753
52	789
39	858
615	428
22	290
59	128
987	895
119	10
651	77
680	531
681	50
698	128
685	38
466	676
823	162
397	1
829	262
614	315
410	614
844	134
84	715
397	378
411	601
180	461
99	885
358	112
409	160
738	792
604	922
520	166
249	214
498	993
174	23
469	161
452	710
854	423
797	858
47	533
866	377
208	303
80	690
875	887
0	613
113	630
421	343
824	290
179	215
109	358
81	888
394	420
249	342
874	893
879	61
142	938
1	170
163	77
90	707
158	129
851	191
28	887
23	54
344	124
234	205
873	817
113	276
148	681
331	139
816	446
249	453
609	703
572	845
301	868
885	595
609	57
344	915
674	570
553	74
608	673
292	111
656	682
918	17
685	18
518	833
232	893
621	745
375	578
757	628
225	353
26	189
808	276
923	24
438	11
820	711
251	127
133	721
571	530
946	895
698	620
909	896
809	264
817	283
772	828
150	916
57	22
425	471
632	80
286	260
564	206
166	309
808	269
809	402
26	333
47	4
151	89
956	856
387	207
75	396
79	5
268	320
24	870
17	373
316	53
20	247
387	735
906	899
285	46
612	962
152	189
932	113
99	733
863	189
315	716
150	647
7	251
449	347
923	314
4	450
396	390
822	114
488	551
593	30
412	718
385	652
388	246
707	124
394	124
354	487
681	837
908	426
112	228
75	338
733	426
806	211
427	81
815	789
687	206
688	101
794	862
22	76
370	51
708	35
121	265
318	443
127	297
131	905
132	905
433	584
321	585
300	404
70	321
517	737
5	140
259	524
527	189
234	473
274	142
74	333
108	75
1	782
809	918
801	907
431	809
289	44
244	0
8	908
671	634
637	54
538	539
967	0
351	392
342	83
863	22
312	108
946	85
71	84
438	948
524	0
14	72
460	206
193	22
579	405
187	99
25	910
147	108
598	504
113	911
111	490
674	742
190	347
124	188
602	389
631	288
743	609
613	357
235	82
885	575
630	871
275	344
534	276
218	47
287	899
534	26
496	470
88	191
11	134
468	879
714	223
27	845
677	942
25	213
48	25
758	17
123	389
151	907
507	834
840	216
76	464
18	44
740	950
450	71
106	376
180	0
643	7
172	351
666	107
763	468
554	225
744	22
229	93
232	124
568	236
26	244
493	460
427	238
4	646
460	57
158	236
865	623
24	631
806	448
921	0
95	98
25	584
967	87
857	418
251	297
749	231
13	328
523	100
271	546
425	86
460	89
411	235
919	619
264	716
565	421
373	390
436	458
786	530
890	25
265	522
257	917
443	677
777	929
835	384
135	230
346	89
188	808
229	474
398	481
14	627
215	185
178	217
251	923
231	19
200	470
982	149
37	24
73	400
41	95
826	528
398	268
180	399
609	74
414	540
859	162
943	658
116	321
410	247
389	424
23	992
980	432
433	82
47	860
441	2
569	376
196	689
682	659
158	106
362	488
999	870
703	189
736	24
2	515
861	364
183	45
315	974
317	180
112	109
822	446
447	929
840	986
269	457
166	147
927	110
470	102
678	118
357	259
914	949
350	850
73	230
711	222
57	276
480	687
707	2
732	345
912	235
25	736
443	931
0	250
741	67
75	289
75	685
87	142
89	180
91	573
93	646
6	247
517	681
923	126
860	132
137	14
881	956
139	96
117	418
211	698
441	149
415	230
237	113
629	727
334	725
131	630
281	975
99	67
837	935
285	3
377	89
477	184
119	851
352	608
448	458
391	216
896	503
176	485
896	400
669	886
346	525
613	545
23	540
202	150
220	273
821	297
898	179
75	553
72	177
918	525
180	698
184	529
930	0
134	113
216	673
261	515
133	747
228	611
236	636
78	531
317	39
20	175
953	351
125	412
24	840
329	783
483	940
172	28
137	380
370	941
476	212
355	372
172	120
83	354
222	666
374	607
266	114
462	441
743	732
173	769
301	124
442	277
354	193
125	210
600	146
639	369
23	711
290	642
232	215
638	216
229	131
5	984
900	875
97	684
246	688
32	570
56	620
279	201
781	257
209	631
843	945
953	144
264	35
298	207
255	518
638	637
599	125
770	420
737	654
173	947
837	777
89	108
760	542
22	20
111	133
212	947
17	22
25	434
233	959
692	206
649	420
553	289
259	196
23	538
837	748
587	518
654	761
640	854
161	152
125	130
75	460
22	460
23	678
8	548
25	950
26	613
213	740
399	1
45	851
641	193
667	415
51	28
427	200
476	22
192	521
24	173
114	940
836	97
963	227
424	299
4	266
20	283
51	123
349	22
16	240
117	125
664	646
539	600
378	420
295	231
125	24
267	678
399	245
292	739
297	954
25	112
276	264
29	594
644	230
125	39
24	769
599	955
474	664
870	531
251	486
550	234
563	96
880	965
565	22
920	454
15	909
276	232
239	22
756	959
242	166
624	987
312	849
315	22
147	225
345	958
346	289
357	737
759	200
184	15
169	643
186	907
291	676
921	179
828	628
439	281
189	215
473	526
375	547
3	764
397	377
924	516
525	390
313	799
325	792
674	961
17	232
19	48
145	235
307	23
234	426
778	842
96	147
687	527
148	447
475	99
185	467
269	232
313	190
539	6
383	899
233	947
323	963
18	963
283	340
494	295
60	27
820	58
510	192
498	118
799	820
486	42
529	632
859	215
179	619
415	27
310	241
716	480
305	170
831	988
316	766
317	782
994	472
319	400
987	49
194	23
866	461
467	613
758	469
684	312
472	196
365	675
795	407
185	514
448	227
107	284
457	968
128	458
244	467
458	969
472	681
4	474
35	244
907	783
484	846
785	709
131	153
142	227
695	60
169	81
964	84
968	932
275	232
31	971
194	121
316	340
549	77
39	134
414	707
375	153
4	730
911	457
818	62
545	932
933	972
432	141
170	606
214	973
110	711
15	24
302	927
454	594
418	742
527	859
898	974
694	941
22	939
188	566
332	623
921	974
549	403
776	113
869	277
691	589
4	382
607	28
939	178
237	687
609	480
818	133
870	143
469	431
113	918
646	448
296	565
708	87
326	93
781	313
257	794
244	911
274	18
130	165
163	888
596	329
480	859
84	817
821	450
924	845
522	216
610	473
244	979
364	950
8	486
276	22
264	743
474	20
284	66
922	277
535	616
654	0
932	0
376	928
25	785
252	133
887	123
84	730
473	165
738	37
818	268
46	51
737	472
953	41
414	464
204	265
155	146
40	914
743	26
669	585
47	730
907	147
524	315
232	460
916	267
163	31
337	26
401	984
591	984
687	26
920	293
673	341
1	259
196	237
467	344
124	206
115	733
249	593
679	317
905	500
18	11
148	225
243	997
86	805
364	410
653	102
775	461
267	281
124	118
234	626
102	23
718	519
445	106
75	260
936	221
264	44
197	503
546	10
931	107
513	44
407	705
133	989
0	151
174	637
84	891
161	259
140	989
739	255
511	143
351	880
118	81
23	146
545	26
496	250
119	990
0	472
999	422
306	644
299	179
685	808
290	522
603	765
457	196
963	461
472	758
498	643
744	480
501	766
493	333
183	184
113	189
87	196
475	473
31	168
124	326
238	456
911	356
385	742
921	994
922	95
991	25
419	101
809	930
126	84
84	20
205	363
826	641
722	17
533	266
583	121
966	996
35	402
872	69
323	367
305	501
846	458
33	251
428	22
241	82
476	112
309	329
417	207
986	54
318	85
767	669
272	529
536	155
146	840
149	200
236	476
444	847
724	692
124	163
161	1
617	777
73	25
167	74
618	623
