286	944
166	765
370	0
390	264
922	442
267	556
234	125
901	166
170	782
791	826
28	875
609	373
445	526
94	334
62	414
822	93
372	481
179	5
4	964
619	901
453	4
401	282
487	5
148	524
501	780
835	20
281	136
89	345
18	892
478	6
308	655
400	358
7	923
248	175
520	108
168	178
934	840
1	345
2	408
73	832
480	823
353	448
505	531
11	17
82	475
379	472
431	685
644	10
3	101
249	510
49	965
0	17
164	17
518	169
27	111
455	282
59	664
390	809
180	18
0	18
131	139
2	960
544	22
4	889
286	942
128	329
77	2
755	944
183	771
190	100
25	502
420	1
92	549
4	20
5	354
11	461
282	126
633	18
69	262
510	248
124	331
1	11
914	946
942	393
260	530
84	22
10	423
938	11
17	396
689	687
0	22
1	326
17	124
18	461
759	316
200	643
403	23
990	894
2	23
118	699
22	921
706	933
234	287
913	707
75	457
969	186
866	11
65	656
1	148
655	636
60	25
24	561
515	23
494	154
126	487
823	22
420	151
24	680
423	667
0	26
21	27
182	810
952	165
59	139
25	27
26	131
0	556
396	167
390	289
109	209
719	869
19	243
0	28
27	890
180	11
14	156
692	17
551	18
911	344
653	540
24	473
882	19
435	458
81	304
636	814
26	761
447	577
208	622
35	930
749	307
440	67
356	206
202	102
181	50
601	539
0	275
582	827
115	881
287	9
842	263
87	75
32	884
7	486
11	551
17	431
277	424
23	33
138	24
290	177
119	832
119	592
170	578
758	74
667	34
87	264
884	318
32	807
128	448
191	179
941	366
161	467
242	76
990	27
568	15
533	593
318	962
936	235
88	423
871	93
528	154
529	568
235	6
411	614
326	148
415	771
114	139
491	260
0	96
132	342
681	11
163	150
5	836
0	38
568	24
33	470
75	420
513	38
231	145
1	39
4	59
675	961
187	62
262	851
35	89
189	259
193	20
101	288
474	248
656	124
743	402
298	599
494	2
473	271
22	86
120	280
133	540
33	42
5	453
488	662
22	524
553	50
17	469
38	167
395	0
1	461
2	496
721	76
76	135
579	43
17	44
553	44
50	188
88	434
83	124
19	146
422	552
682	617
902	324
423	434
25	319
161	685
819	972
28	624
18	89
332	447
23	295
504	222
757	88
326	866
616	24
532	624
328	760
22	337
516	725
385	311
827	366
142	124
513	18
922	207
23	414
855	24
851	25
518	766
584	99
828	24
426	574
551	712
566	823
693	114
22	316
66	381
925	609
0	50
167	315
633	732
250	77
841	409
22	50
26	50
995	1
616	857
18	377
746	799
174	303
776	472
396	151
222	98
71	192
468	120
0	87
4	693
259	472
611	535
1	89
5	591
989	2
916	53
22	11
728	191
0	520
290	19
11	153
326	375
857	8
34	845
22	147
509	23
39	634
866	39
50	356
306	951
315	161
472	613
469	958
703	181
664	126
296	723
932	148
633	396
189	148
18	57
148	151
514	356
148	697
962	125
567	26
436	435
496	439
22	493
583	23
597	24
750	115
179	26
178	490
722	44
641	79
309	56
685	0
886	717
551	39
5	59
44	74
471	117
964	218
20	453
269	22
23	243
258	24
291	100
495	475
260	61
28	598
26	493
404	492
251	192
221	642
112	546
756	258
854	434
26	113
549	31
351	302
807	125
35	390
259	0
866	1
458	147
352	926
23	202
515	699
22	357
511	212
403	2
299	772
11	26
585	594
248	59
312	7
43	983
678	464
108	22
75	11
922	987
312	868
178	23
421	91
101	365
22	448
64	122
736	597
776	50
222	198
0	23
551	0
910	728
232	654
782	180
246	24
20	71
704	129
88	720
470	406
44	420
54	124
737	50
737	162
45	69
24	6
140	439
144	927
491	27
109	271
18	866
494	322
146	657
852	145
459	855
412	713
5	71
316	150
729	60
341	926
306	24
217	140
467	26
208	943
593	47
784	99
282	5
721	48
818	398
902	608
232	0
443	807
8	158
439	403
148	23
112	24
94	247
253	387
50	493
336	314
57	703
898	0
17	74
18	520
831	421
561	109
199	24
22	46
40	895
729	27
950	861
35	469
694	70
50	23
370	517
489	73
68	132
225	1
783	186
609	35
18	75
536	72
347	978
446	59
17	685
862	710
878	792
612	3
345	75
993	316
429	542
270	475
461	305
314	312
292	804
65	451
826	79
182	561
921	50
143	680
505	999
538	600
238	149
443	419
559	287
197	366
935	865
507	79
67	270
87	1
11	124
536	303
23	81
319	15
392	558
23	304
473	286
25	364
46	781
657	82
472	898
50	11
35	918
5	83
23	518
18	50
231	391
96	508
371	385
266	860
57	808
54	622
620	547
42	63
157	190
23	268
24	319
604	311
730	175
828	246
886	28
748	723
169	23
24	430
566	330
683	157
60	45
148	472
22	87
493	87
311	85
642	23
26	87
215	687
697	223
277	946
23	983
24	733
25	88
26	206
27	670
757	335
42	77
44	89
54	579
879	28
53	7
859	57
297	81
113	206
241	440
377	11
137	155
166	919
952	655
553	89
508	458
50	89
566	790
11	305
998	80
391	48
487	193
345	245
193	715
0	185
38	416
462	90
125	298
23	975
185	87
495	303
22	333
23	149
613	333
238	83
26	356
498	159
75	399
316	787
805	688
415	73
441	408
2	464
634	858
206	57
800	127
255	150
206	566
295	90
308	80
839	430
721	913
674	3
364	359
394	75
390	22
405	268
176	126
209	212
23	11
380	36
972	25
26	124
861	27
827	945
254	98
710	978
59	114
63	53
561	306
544	653
129	830
354	84
732	89
318	572
701	36
286	370
6	829
121	133
367	467
401	973
111	739
121	324
69	851
452	773
30	730
484	497
431	74
802	453
11	170
17	525
278	425
554	619
773	811
83	102
448	148
27	752
555	781
556	281
124	773
149	251
940	93
111	747
272	24
1	227
699	2
24	459
998	129
472	599
103	257
289	402
259	22
142	533
974	613
93	192
238	22
476	308
314	127
315	744
650	718
66	106
320	178
426	541
650	103
1	134
320	653
738	88
987	389
975	494
461	606
559	735
696	884
205	219
352	522
478	433
59	108
878	720
108	0
227	671
96	323
53	102
494	48
1	378
314	528
7	759
25	16
743	289
258	246
20	641
54	137
23	653
210	548
25	334
52	91
230	27
23	111
436	563
107	675
108	438
656	113
535	272
568	228
109	912
877	24
497	11
472	242
265	261
686	875
23	124
326	323
18	782
971	255
22	113
330	534
720	422
25	241
579	121
731	23
26	724
142	151
26	915
69	410
148	125
102	4
169	33
36	25
224	94
226	659
4	715
473	115
237	930
676	116
229	84
491	94
483	68
827	395
88	667
95	117
212	125
218	71
113	724
965	144
530	838
464	62
82	99
375	458
76	118
739	77
408	118
110	120
113	188
844	317
69	191
539	642
204	156
411	270
713	300
5	126
745	13
904	576
89	17
96	679
953	120
362	378
357	0
58	226
422	990
83	4
856	381
131	801
997	82
939	121
37	845
365	122
540	408
17	514
853	267
315	26
90	960
433	601
845	152
585	273
838	717
105	157
892	89
446	20
859	87
88	592
84	591
878	552
502	605
113	124
119	73
535	228
305	844
893	0
849	149
121	59
267	33
42	2
107	101
473	327
741	433
44	0
817	131
50	293
17	970
132	331
583	983
938	1
189	333
518	102
309	751
23	22
68	114
253	735
507	322
125	387
331	128
427	127
0	305
59	26
977	471
549	23
24	951
25	67
125	106
498	169
124	185
900	624
126	192
95	61
146	882
513	17
640	27
0	724
889	266
860	131
567	232
11	970
583	490
967	17
401	487
232	370
569	299
544	2
4	132
240	804
289	431
905	153
22	74
23	852
458	751
702	117
22	26
27	135
209	668
382	646
457	460
812	165
50	124
9	360
59	619
119	135
301	126
124	716
367	170
0	135
939	252
356	467
708	1
17	390
22	264
23	136
515	721
629	72
26	111
627	137
17	151
18	245
23	699
586	308
25	779
244	915
229	4
966	38
26	515
49	702
152	457
739	651
160	27
261	121
917	786
215	346
66	8
59	940
985	606
929	594
255	202
115	327
75	402
521	905
119	230
869	899
651	414
262	27
749	14
259	737
50	472
34	173
52	676
185	57
505	430
378	317
23	501
604	101
170	712
858	326
529	212
281	118
320	747
655	725
129	726
71	126
23	250
559	86
108	331
159	802
186	309
952	138
131	521
492	122
689	89
402	50
202	136
143	24
356	979
685	35
715	283
124	264
108	753
72	48
57	26
78	319
82	146
353	662
644	991
92	324
497	225
608	22
23	322
249	384
25	741
764	857
101	125
127	81
134	148
215	148
0	148
1	44
286	125
31	281
33	63
394	788
472	1
305	458
765	47
0	227
83	589
102	150
125	419
439	111
133	509
315	124
625	125
63	97
34	738
211	114
569	468
124	227
753	147
329	139
608	177
87	152
181	330
848	523
600	2
696	880
356	152
35	44
367	438
103	412
44	317
50	689
7	22
68	153
658	268
16	752
22	181
23	154
80	24
239	25
237	26
25	15
143	738
781	713
642	506
81	63
817	249
553	164
898	776
269	244
20	730
43	90
739	23
616	423
148	628
988	116
578	634
644	77
153	59
573	220
408	23
167	958
145	673
110	499
124	681
551	142
139	520
419	572
473	952
83	126
229	159
22	527
25	133
608	48
50	654
491	334
403	281
847	313
913	43
89	179
90	23
311	122
706	82
675	101
390	161
897	933
337	50
148	113
2	149
89	161
340	923
84	176
227	876
255	699
183	635
50	57
725	6
675	3
137	156
224	584
23	163
635	34
402	716
837	116
461	551
168	43
152	681
317	167
578	438
289	809
22	722
795	386
36	160
138	165
276	188
501	102
152	151
331	630
816	166
114	166
380	391
178	48
630	166
283	384
46	811
899	805
87	167
253	318
174	137
67	495
98	285
416	167
450	238
174	943
292	102
699	133
194	168
876	134
2	84
206	689
251	684
8	125
212	199
292	441
2	292
22	121
108	329
480	26
505	173
83	455
227	170
453	641
563	846
488	606
24	537
679	578
22	27
151	493
570	284
558	598
256	60
74	513
389	879
970	89
898	315
31	699
693	248
880	773
57	259
47	59
650	379
136	316
43	62
45	191
289	17
309	338
36	27
83	149
24	696
111	544
136	993
189	185
4	175
0	911
227	11
562	293
897	25
97	849
68	23
700	141
33	518
497	132
890	729
507	176
124	431
647	494
99	177
21	82
45	605
456	297
949	40
125	66
749	137
56	166
816	131
94	27
175	382
0	124
202	118
44	164
749	208
22	232
472	179
607	219
159	835
114	218
790	57
39	170
167	89
376	965
947	615
186	139
874	613
727	243
124	181
125	512
93	20
581	177
152	181
148	181
143	182
442	254
304	993
39	963
34	628
493	932
277	95
169	102
326	211
223	604
331	554
148	22
73	890
414	187
17	75
78	184
34	434
218	5
473	381
96	333
136	494
210	130
179	339
368	842
225	331
22	185
509	252
786	444
315	76
278	807
938	22
11	315
290	538
78	738
81	5
194	187
756	182
369	619
722	167
78	15
649	22
618	865
152	188
809	161
163	92
338	166
357	545
179	188
181	188
69	135
464	779
87	525
453	384
103	105
149	79
788	151
134	211
488	142
386	407
280	110
368	254
805	9
358	138
166	619
124	167
22	985
179	333
628	15
652	95
35	525
361	862
20	77
74	181
901	93
235	270
159	114
400	877
179	911
181	564
188	189
122	906
910	740
116	929
89	525
135	841
791	71
921	148
777	22
199	388
179	467
736	236
839	535
50	152
605	854
609	161
719	117
970	167
460	179
305	948
457	761
660	429
127	149
132	59
623	694
162	196
64	418
763	928
951	561
59	22
704	956
77	494
81	102
334	16
95	64
382	446
745	660
904	253
186	225
28	198
469	44
883	109
37	552
10	22
805	125
387	107
27	224
207	574
726	700
53	200
969	329
482	511
72	475
125	611
688	86
523	842
234	106
969	108
698	331
880	666
246	615
205	733
63	83
87	716
528	97
274	797
904	383
113	131
53	587
274	139
276	460
901	59
113	152
240	90
427	0
921	524
943	522
520	331
0	285
202	24
58	294
681	0
545	0
232	915
81	7
11	39
552	183
89	164
602	98
455	192
179	1
205	101
164	206
113	457
124	932
125	426
726	631
985	377
93	0
98	371
767	573
178	902
597	631
651	588
236	529
0	743
11	367
51	666
23	240
24	546
17	161
776	22
17	534
24	209
3	360
26	181
586	24
577	988
271	645
118	77
473	343
24	234
472	26
961	207
99	247
25	829
20	455
602	198
14	638
22	761
882	82
149	81
645	870
434	183
57	87
1	396
121	398
38	317
114	113
493	215
950	213
29	542
65	577
151	448
305	578
602	875
11	770
362	148
151	378
637	261
155	174
777	321
50	196
77	496
848	718
74	142
293	796
209	828
742	171
73	69
506	36
22	599
810	616
388	143
36	495
27	473
883	610
818	23
844	806
439	148
937	251
229	153
159	248
214	964
125	572
333	344
869	98
957	88
99	19
484	435
840	23
492	172
179	181
790	469
562	300
91	618
83	791
68	693
52	683
816	139
222	172
903	273
215	467
22	180
78	503
867	221
718	451
160	657
567	337
467	514
82	741
196	527
723	580
826	126
970	75
703	188
715	401
359	595
313	104
872	82
379	847
496	739
107	223
242	108
683	580
939	658
382	218
642	19
970	1
215	0
590	103
18	317
162	87
497	4
935	457
863	566
179	994
494	498
128	801
289	124
195	383
139	225
148	613
954	127
113	566
140	441
214	873
398	261
548	813
503	482
844	227
887	532
134	317
122	559
308	228
887	558
210	856
53	124
546	228
191	832
446	500
79	401
382	229
128	446
770	89
11	712
124	126
514	179
605	230
282	153
54	391
705	263
125	764
434	230
154	150
62	168
7	510
902	113
27	864
834	83
140	92
136	518
109	246
738	141
289	26
244	148
155	629
462	653
564	152
356	185
308	952
346	44
183	423
207	443
645	586
50	1
171	571
27	741
115	8
681	179
403	140
97	0
0	179
506	235
6	270
192	973
16	575
22	221
124	438
124	131
287	418
521	248
19	160
50	370
232	613
480	925
475	506
161	22
148	237
527	237
592	700
22	979
161	237
206	269
211	563
363	210
56	446
734	363
275	17
493	180
57	162
24	182
534	162
537	690
230	239
189	344
221	440
168	240
997	174
40	946
66	205
307	145
907	211
949	121
94	410
226	711
161	758
57	925
163	255
443	884
16	595
441	403
858	242
469	148
486	427
534	124
139	148
177	600
588	111
772	172
345	134
694	0
244	472
124	370
438	166
554	166
94	885
826	406
687	57
26	151
162	244
582	659
151	245
10	854
237	525
174	522
338	132
627	749
23	267
46	492
23	62
514	560
694	929
4	79
84	218
293	91
23	638
867	36
27	785
25	256
243	840
27	465
442	499
322	18
342	126
968	370
211	435
567	148
0	161
25	325
548	24
618	294
218	802
506	221
803	242
246	143
11	44
527	26
953	412
154	133
140	250
113	1
47	639
397	770
131	520
226	504
879	602
139	56
161	26
163	169
135	60
20	124
134	142
62	804
78	183
543	466
979	113
356	244
11	397
187	405
337	356
74	1
894	413
98	442
417	569
35	17
689	17
44	38
30	521
486	643
152	823
281	798
233	143
241	247
2	111
304	255
889	248
11	89
126	23
750	677
124	87
835	126
889	639
164	148
657	235
166	47
153	132
144	120
148	737
151	345
232	152
187	707
118	462
811	978
486	97
362	782
755	419
316	780
961	677
225	801
148	259
920	935
665	27
556	647
486	684
336	485
179	259
672	497
868	63
683	557
75	180
89	124
126	315
104	260
826	5
97	149
210	814
508	211
960	261
25	22
287	55
108	698
300	848
435	329
547	672
320	295
662	803
494	127
22	206
179	583
22	24
768	580
955	125
124	125
404	28
825	260
347	257
75	38
533	84
108	211
297	868
375	17
922	98
414	252
77	301
530	711
286	66
658	265
894	957
995	712
22	373
477	156
67	433
921	545
729	851
482	239
775	75
63	267
92	439
59	93
705	100
163	81
494	202
716	57
873	641
128	147
194	148
62	268
511	388
307	14
409	440
716	609
23	113
50	244
211	679
560	564
172	302
642	36
230	22
42	267
21	270
564	50
401	59
235	824
127	643
924	628
131	166
907	338
36	221
815	157
189	564
114	108
734	130
22	236
27	239
403	77
892	377
180	134
698	114
989	23
214	5
215	893
410	99
113	711
493	170
5	973
803	96
633	164
96	23
227	679
948	274
294	760
22	35
406	71
215	275
885	334
538	359
516	990
26	275
196	276
915	185
476	626
513	390
873	249
196	188
823	276
7	31
216	137
386	361
419	3
457	979
167	378
189	180
144	302
97	954
706	740
710	811
110	226
23	651
276	74
216	307
114	56
25	670
765	229
0	534
125	927
643	63
610	308
459	0
182	870
244	179
483	4
864	909
31	77
414	133
0	164
86	360
460	0
76	439
150	501
610	655
698	801
71	23
498	23
193	450
214	891
237	75
14	231
97	7
179	319
149	868
259	275
434	119
821	63
919	186
734	674
246	272
226	222
26	148
917	104
24	531
309	39
378	18
793	436
289	708
941	582
588	281
0	560
1	488
93	148
609	918
438	134
275	915
974	148
503	233
104	773
322	456
444	291
135	924
736	271
104	452
50	215
871	56
112	212
275	185
877	288
106	381
149	53
57	330
287	64
235	99
239	890
449	452
681	244
245	11
467	275
16	270
570	696
143	25
931	125
72	522
935	659
195	652
0	776
816	619
904	365
565	660
695	728
888	97
200	316
903	981
63	7
448	793
248	533
353	96
500	630
219	55
114	47
602	900
510	20
93	483
772	875
796	565
153	382
387	541
580	815
215	124
232	493
236	526
874	517
27	73
107	66
87	17
483	131
983	818
93	500
121	295
193	510
476	24
421	105
106	327
280	762
483	59
808	703
702	717
315	259
831	543
363	830
804	490
215	259
839	319
766	556
357	275
309	89
269	330
903	437
519	542
4	406
456	340
502	990
436	751
661	559
907	329
27	709
555	407
638	208
719	900
113	654
655	690
368	705
52	557
132	131
29	669
713	451
250	588
807	426
24	325
191	25
448	170
263	100
103	848
38	22
562	52
242	846
701	824
545	259
262	695
11	161
95	928
620	672
312	71
885	575
721	651
294	203
916	23
113	393
11	662
316	304
263	862
43	25
125	425
715	591
108	919
227	305
23	494
24	109
25	310
746	976
495	433
851	27
151	317
482	182
552	15
727	926
244	514
497	671
75	22
831	617
216	72
1	75
971	23
163	647
31	76
64	223
27	980
813	158
220	760
92	250
102	833
700	957
316	42
564	179
22	481
11	488
147	309
129	526
204	231
326	134
146	581
147	801
980	88
152	357
194	90
275	979
6	67
459	652
340	312
838	22
161	431
124	189
22	249
341	600
423	465
68	248
276	527
937	312
628	428
301	312
114	93
366	865
61	311
598	774
29	116
776	179
816	822
71	79
778	263
151	488
23	472
27	832
251	800
800	23
217	405
206	315
194	261
211	458
72	231
178	216
242	227
113	87
337	460
393	125
581	243
235	67
166	139
140	111
49	437
853	316
0	457
1	317
11	317
319	316
23	121
111	462
372	300
124	38
125	318
118	178
229	533
463	381
803	547
1	181
331	596
114	128
286	541
347	260
59	229
174	727
134	245
250	2
259	333
128	96
81	456
472	275
137	265
161	44
558	424
412	124
223	122
395	865
939	509
306	947
441	0
42	739
50	514
202	647
428	400
510	214
305	323
672	128
848	542
146	177
317	323
0	127
23	292
380	986
211	186
82	221
222	532
232	344
157	981
678	202
2	295
334	670
756	143
870	306
910	221
588	403
276	162
249	964
410	475
259	370
716	237
269	370
649	317
436	620
215	196
192	641
206	237
148	274
699	136
348	381
89	244
554	128
848	481
315	517
618	332
16	495
451	523
220	105
114	596
504	280
186	329
372	444
477	415
348	22
53	22
58	260
152	215
322	176
985	142
812	158
244	232
18	435
471	219
132	84
375	274
357	514
16	247
402	17
558	198
850	734
603	47
304	731
324	622
430	109
600	290
683	332
363	814
315	333
566	692
0	333
514	74
11	87
72	307
168	960
456	126
185	181
38	925
148	859
513	416
609	206
657	221
856	881
38	206
173	272
445	381
900	499
615	209
448	375
176	456
330	26
457	517
480	0
596	166
153	108
315	337
750	125
399	317
949	223
130	632
330	823
703	196
658	217
350	568
186	338
465	88
211	672
662	242
499	198
566	703
130	813
710	41
852	72
602	686
135	45
508	147
258	285
152	244
785	16
17	716
62	983
25	197
176	340
519	481
79	791
82	341
807	612
368	113
992	92
973	79
166	113
775	11
84	131
606	1
188	22
192	342
15	546
89	420
81	53
882	936
378	142
628	829
888	53
98	277
22	344
473	445
617	789
637	204
26	344
635	88
289	525
105	562
472	125
737	0
112	952
18	345
999	8
928	28
113	356
167	346
789	22
97	739
964	126
369	131
394	11
3	714
400	24
237	480
573	683
761	517
4	84
558	51
388	24
4	835
34	88
278	612
111	92
472	281
24	197
126	127
78	430
108	630
18	375
50	148
68	59
57	75
315	113
111	252
125	350
508	435
275	22
122	85
212	561
568	109
120	51
386	786
125	205
127	684
737	370
152	185
315	213
583	217
317	712
531	233
394	377
814	856
244	564
318	3
291	263
479	742
352	303
797	305
505	978
306	828
68	940
420	74
78	88
482	546
38	11
105	789
282	354
162	402
590	355
384	175
69	88
995	323
192	193
515	509
679	844
771	88
218	266
232	356
360	764
675	884
30	84
524	357
113	357
287	339
124	357
695	924
68	382
437	767
237	269
265	54
173	631
536	99
269	472
228	138
526	856
179	370
214	283
162	188
815	621
796	157
22	179
598	302
155	67
68	331
612	360
528	53
431	402
2	76
181	370
852	156
68	901
124	483
152	370
571	46
260	449
931	86
155	506
75	362
148	124
87	687
89	362
90	149
5	192
98	51
454	831
894	640
179	968
554	940
158	548
346	17
262	910
934	265
82	262
641	84
244	185
19	177
0	189
688	393
25	99
188	863
860	114
399	970
337	232
195	899
148	517
731	150
206	276
181	315
729	861
982	456
193	401
533	663
908	473
323	876
136	118
507	336
124	333
303	341
349	220
248	817
203	519
508	497
486	200
186	619
244	22
30	20
654	356
450	127
113	330
54	27
191	695
444	794
74	18
124	542
560	181
147	139
525	513
312	97
18	1
724	57
923	149
367	227
541	125
457	244
918	289
399	264
622	204
864	24
90	187
117	977
137	522
528	7
566	196
289	373
802	474
248	664
304	787
242	305
161	373
315	148
0	188
9	298
71	176
639	108
845	628
181	911
24	233
0	89
188	269
375	242
394	142
509	187
152	148
215	22
335	864
283	84
132	218
368	847
760	203
532	376
432	37
79	474
142	1
844	797
770	245
474	5
417	558
799	260
186	147
113	259
14	341
829	440
193	984
536	137
907	108
13	843
26	660
20	83
124	141
17	26
976	711
504	41
24	615
867	19
379	660
79	83
318	559
50	113
376	64
946	742
457	337
741	614
90	133
266	175
160	819
441	250
904	287
562	768
403	464
166	93
176	83
945	617
499	98
179	148
180	712
478	67
642	6
674	388
25	861
551	367
283	873
283	591
231	307
225	309
535	109
251	821
62	92
397	180
686	28
93	969
886	774
157	203
39	892
216	310
310	960
788	378
113	0
114	905
107	755
792	896
145	627
733	125
474	68
745	379
822	131
72	352
357	472
595	21
311	117
20	79
434	27
127	92
24	829
260	772
21	478
264	17
682	466
377	17
807	570
338	596
812	138
625	205
490	240
124	968
651	140
276	330
515	540
11	958
352	997
738	864
459	8
595	270
124	760
286	234
250	739
344	50
517	0
217	268
776	493
524	370
471	742
666	648
88	228
260	571
17	57
189	315
127	470
28	222
931	393
89	87
606	180
457	181
333	761
402	164
485	342
44	394
346	394
682	945
376	98
75	513
287	697
159	533
688	107
89	74
36	601
710	257
142	39
44	525
245	75
898	188
724	196
553	167
201	100
578	326
325	531
384	4
749	156
345	113
337	113
593	218
170	461
42	102
208	54
23	352
69	670
134	420
394	378
0	152
863	330
14	673
8	463
11	142
201	920
17	50
167	75
491	665
353	131
915	179
181	215
344	179
980	738
197	88
283	401
966	152
44	967
471	418
141	199
26	514
50	467
337	560
390	402
196	344
357	179
49	404
728	933
701	14
178	261
74	0
734	210
90	252
820	702
276	925
630	132
394	488
494	304
309	497
37	640
50	315
581	608
841	832
313	124
780	971
320	405
278	207
134	274
416	87
266	964
162	269
491	224
181	189
284	298
87	790
20	984
15	756
880	64
190	407
96	22
90	168
778	705
539	19
802	591
699	798
325	15
591	79
309	305
609	390
408	992
823	703
179	167
556	102
111	989
755	426
162	703
106	40
997	538
76	111
228	626
960	62
686	899
42	150
152	162
460	330
301	2
179	613
789	273
700	725
774	717
232	259
219	223
740	829
344	259
389	376
74	396
4	159
56	331
182	112
178	579
842	530
644	725
282	83
63	312
0	315
643	427
578	671
382	47
232	457
333	474
157	621
119	415
746	41
133	23
511	864
985	18
629	852
42	993
137	231
341	727
345	416
346	416
68	354
251	587
319	645
754	116
113	893
502	183
801	186
122	51
844	170
232	113
81	643
685	237
15	335
986	934
21	936
196	26
882	701
393	419
399	89
96	806
310	99
573	429
176	79
251	849
24	636
375	666
755	101
44	613
396	722
244	113
480	87
237	179
659	70
148	57
463	125
23	528
169	127
15	792
176	450
199	561
211	96
663	646
541	115
232	560
422	792
327	426
659	349
14	380
463	550
473	3
310	433
410	784
129	130
394	180
95	371
242	274
399	17
404	144
490	77
77	408
124	827
170	671
935	0
769	828
15	10
136	798
445	572
242	147
467	148
355	621
152	744
361	264
258	430
23	427
380	156
738	124
976	46
315	394
780	787
997	629
897	21
20	891
125	113
484	458
325	428
985	180
18	420
333	131
466	65
148	227
148	357
362	770
358	236
650	523
470	833
472	74
16	224
545	898
747	496
411	475
17	905
120	347
689	57
57	431
75	431
975	76
89	513
724	703
353	242
142	420
1	151
305	18
236	271
214	406
744	26
173	511
924	644
934	145
130	158
301	507
312	643
113	994
124	898
490	261
127	150
329	159
544	133
440	819
505	288
193	124
75	377
514	0
185	26
186	698
469	74
235	495
5	56
139	128
164	167
880	763
149	316
152	275
184	197
457	275
779	94
301	923
28	95
378	770
5	455
489	841
321	676
369	93
111	90
347	825
803	438
384	84
15	432
697	365
494	501
340	297
969	147
308	182
127	42
77	281
660	621
315	356
420	431
245	346
793	803
340	149
529	112
626	210
849	127
268	265
814	548
289	161
303	252
188	527
371	442
191	27
26	517
305	367
401	84
215	344
55	327
793	435
470	23
419	750
353	563
253	443
485	791
333	232
762	713
442	85
342	71
876	353
576	512
342	23
203	91
505	586
284	733
434	592
295	804
316	494
259	50
833	759
79	192
205	956
257	58
68	446
57	315
11	788
339	459
899	9
273	447
475	536
833	150
270	433
1	685
476	537
527	17
295	268
290	352
279	328
187	168
754	988
245	317
634	367
595	440
516	413
178	265
179	50
730	964
493	24
731	255
26	89
806	963
251	63
175	715
3	387
200	501
422	363
871	801
105	12
302	300
433	235
404	368
420	722
47	453
125	855
573	557
267	127
795	452
59	147
229	453
22	142
23	993
816	663
336	149
180	151
436	139
59	84
25	10
179	125
364	224
549	76
196	776
197	482
893	244
93	455
249	312
33	486
888	849
179	206
722	416
81	316
521	59
152	124
306	258
458	497
676	941
151	606
179	457
564	457
603	229
888	127
188	915
189	457
208	156
28	987
142	797
142	18
133	462
227	461
332	437
39	712
438	326
196	662
120	648
621	981
262	256
937	83
473	8
386	590
416	75
514	893
402	967
489	239
35	431
753	186
609	22
1	775
976	226
485	322
43	804
248	620
521	218
162	689
42	314
178	240
340	336
180	1
206	71
26	737
154	2
839	680
911	189
665	785
17	480
548	125
336	79
162	480
148	333
672	108
18	96
638	54
367	448
195	906
83	312
635	465
84	873
196	189
406	192
215	57
477	230
340	821
140	494
277	64
421	70
913	515
617	920
389	28
113	467
365	223
35	809
649	722
181	467
100	795
737	613
128	793
259	181
337	124
310	741
862	523
287	40
819	94
74	38
2	281
905	93
661	869
113	469
23	256
76	71
587	470
151	461
177	841
796	379
156	145
653	2
161	716
272	546
586	668
465	24
25	695
26	560
695	27
319	143
141	878
148	898
143	999
150	2
714	278
152	472
161	35
425	298
151	124
5	114
470	316
599	922
479	385
532	299
528	200
225	907
218	153
214	474
78	24
574	674
185	416
885	256
651	439
264	179
15	143
109	141
142	375
391	204
520	435
85	190
178	583
392	468
104	374
831	903
96	448
109	832
658	324
475	124
330	244
664	5
512	339
55	365
438	436
491	213
460	87
185	472
495	478
14	352
177	478
761	315
504	49
475	94
391	637
160	867
305	375
416	180
846	474
206	480
289	57
28	760
47	225
764	387
24	212
168	23
323	551
420	345
162	124
275	356
114	23
378	148
824	601
223	55
256	872
809	237
232	181
552	34
18	844
416	89
472	38
134	448
646	474
495	160
597	568
329	846
161	708
465	738
22	455
670	706
353	844
233	561
148	89
953	172
115	463
641	5
8	445
387	677
134	461
474	283
330	185
982	312
628	896
333	113
783	338
317	770
258	125
411	359
474	249
277	479
224	829
458	96
500	338
0	1
169	63
470	916
181	567
688	125
88	909
671	326
146	243
474	153
22	619
850	130
477	489
508	803
978	965
647	136
33	320
206	74
180	378
871	114
206	181
450	97
123	666
22	431
142	326
86	286
177	69
9	383
23	281
51	681
125	86
267	766
408	739
908	350
429	328
994	315
226	799
460	315
310	36
41	717
402	918
405	121
507	456
457	737
340	251
119	991
194	25
315	150
151	87
757	15
553	161
149	322
135	243
916	102
183	135
377	151
887	198
645	258
453	835
39	995
134	89
98	648
435	108
12	843
23	496
38	633
166	186
92	54
435	497
877	209
247	933
276	356
102	267
849	23
323	438
118	993
529	306
477	73
126	485
662	211
992	651
199	810
127	97
166	453
363	526
891	401
93	159
114	500
39	227
166	500
38	17
140	23
88	552
472	353
281	441
474	30
435	96
81	486
491	16
86	318
787	267
0	142
225	458
380	943
60	197
92	240
894	502
460	196
78	197
886	100
56	554
183	640
815	103
401	5
493	687
417	763
293	723
55	479
39	124
125	371
504	110
758	264
755	24
29	452
899	339
550	8
620	438
272	212
517	244
370	113
779	409
390	38
140	2
19	506
681	898
491	21
447	65
342	684
495	0
935	65
259	44
93	149
806	803
92	408
0	527
495	6
521	4
384	817
394	1
398	295
962	675
306	503
251	90
738	319
0	268
518	42
214	30
384	510
0	467
396	89
474	510
324	250
406	126
79	238
239	644
945	366
526	125
663	248
109	16
330	259
810	228
812	308
955	512
298	512
503	430
437	683
926	536
333	317
347	110
113	179
835	175
264	161
128	108
140	268
87	534
278	805
499	624
113	514
124	514
198	385
513	722
154	140
121	217
719	64
384	521
181	0
187	295
189	275
304	76
426	550
350	115
842	404
435	147
436	448
813	129
433	99
535	769
259	517
975	549
853	63
343	493
257	386
55	85
891	340
59	131
164	161
505	645
148	167
175	591
454	976
22	654
23	556
228	24
316	496
564	26
339	125
152	179
539	303
153	47
69	991
448	484
566	567
342	450
22	941
646	193
297	97
275	50
185	344
159	382
232	874
607	1
540	983
336	5
50	357
160	146
346	74
342	79
57	152
12	429
606	394
735	572
244	276
83	192
131	147
581	140
269	480
892	397
815	273
454	754
160	701
457	524
164	525
457	148
14	208
464	23
40	117
24	428
861	957
574	612
101	624
631	109
917	374
42	800
57	467
22	469
309	508
235	206
921	315
284	944
737	152
729	25
808	527
93	131
429	981
714	661
28	532
218	30
379	412
753	783
124	545
613	564
926	290
370	333
463	908
544	540
50	597
6	22
716	469
299	987
919	139
777	52
341	72
406	336
686	746
430	531
80	812
5	905
158	998
440	740
307	137
746	104
634	326
280	49
850	632
883	476
997	23
125	449
362	44
663	889
971	136
474	218
345	180
153	533
664	533
658	579
22	930
74	654
337	534
527	534
207	425
347	361
593	474
616	272
408	62
724	188
23	581
330	0
18	151
656	837
259	269
74	317
19	36
332	421
417	285
608	943
736	810
79	126
726	537
524	87
98	424
264	967
843	437
265	324
99	411
524	152
133	76
589	474
601	506
794	842
830	655
130	80
141	668
409	665
632	165
245	89
620	147
333	50
957	605
603	93
199	680
160	601
225	18
89	958
610	24
389	392
235	341
193	5
229	47
18	448
151	75
897	695
23	401
196	356
255	647
828	37
356	181
652	339
899	425
125	677
534	467
840	208
566	162
828	877
980	183
90	544
663	68
928	424
834	126
604	64
418	604
355	328
966	431
149	33
446	114
982	238
179	545
30	835
181	275
53	42
146	539
606	18
108	225
831	273
131	47
326	274
498	150
74	289
191	670
139	671
305	113
775	416
30	4
206	189
23	413
955	28
399	151
406	238
390	44
132	56
636	568
359	491
215	692
127	63
77	441
349	12
618	26
437	52
424	468
704	526
417	499
198	392
991	239
424	51
264	930
215	370
377	461
269	148
914	179
6	99
472	22
20	214
862	778
345	633
346	373
75	958
720	552
59	369
656	683
188	744
203	466
377	399
269	276
747	462
10	45
436	225
25	440
93	68
710	123
460	152
163	464
113	35
425	955
131	4
732	167
599	195
476	931
474	132
151	315
319	325
801	309
698	329
866	142
395	355
487	192
503	335
0	494
263	300
127	71
517	472
473	107
152	545
429	104
892	1
62	194
902	54
529	27
513	87
119	516
567	185
583	324
189	467
687	269
104	58
348	115
747	549
92	23
865	24
549	154
955	652
431	918
808	566
457	560
18	488
981	565
805	443
24	998
457	50
333	457
477	890
857	661
844	448
97	647
480	808
175	817
628	720
390	164
23	31
271	27
524	26
497	563
500	79
633	167
524	517
301	79
275	911
204	986
164	513
514	564
87	609
527	269
534	564
681	357
700	381
11	399
429	565
893	344
23	77
259	124
152	26
866	134
472	337
169	53
474	175
367	461
185	566
564	893
289	469
0	567
416	1
426	8
625	286
16	94
51	49
149	528
494	439
615	561
458	22
457	898
460	925
185	863
23	72
591	384
200	63
472	215
769	358
517	232
316	238
524	113
254	900
150	81
715	282
895	361
96	242
113	275
773	404
461	353
225	128
348	604
461	148
124	232
320	168
686	879
305	39
48	852
127	140
594	682
576	962
374	820
458	783
30	249
734	726
40	219
603	248
67	410
756	668
206	50
528	251
683	929
736	912
443	755
556	118
226	49
85	418
420	317
785	575
84	446
583	261
996	164
148	196
66	138
633	87
0	899
740	729
52	65
67	475
38	113
25	872
473	726
343	580
230	489
407	444
549	464
769	236
75	525
153	114
147	134
557	754
493	472
956	473
845	174
138	80
79	891
348	327
501	316
900	977
200	7
845	640
113	215
29	777
179	315
557	580
95	285
777	134
506	6
69	890
591	4
325	592
206	0
524	50
124	553
931	32
105	349
628	325
898	113
942	106
437	481
767	705
966	164
375	679
579	638
21	94
126	380
388	505
418	442
237	402
139	871
186	435
582	682
514	22
459	697
58	291
556	169
187	240
555	190
201	705
54	960
855	85
154	439
249	71
87	289
9	122
473	856
750	234
369	114
349	562
474	47
24	25
730	249
131	603
472	457
302	417
63	427
54	217
310	60
850	636
2	588
786	519
536	19
18	315
199	363
685	966
365	9
280	767
450	589
745	847
50	227
519	590
105	723
98	468
423	592
748	429
748	532
438	274
410	241
673	216
81	833
919	630
189	681
689	685
236	24
307	522
768	12
612	696
378	124
163	118
289	996
218	126
427	528
249	715
23	18
22	436
692	196
834	826
524	232
79	403
565	768
69	25
279	157
175	84
22	898
785	262
817	446
53	427
954	800
217	540
367	96
23	622
732	396
56	596
782	151
680	233
511	319
590	293
288	736
211	225
50	232
748	105
472	524
89	75
3	574
315	455
139	108
473	66
609	124
42	470
106	24
911	333
591	266
473	586
388	400
90	14
28	468
938	18
118	255
370	22
872	740
353	793
50	185
57	237
742	117
976	124
425	148
145	72
8	348
986	14
226	838
758	87
0	166
350	8
113	245
166	446
100	104
40	922
877	839
113	517
999	668
28	299
315	87
482	319
322	102
107	125
216	14
93	446
75	44
932	333
809	74
193	229
96	438
113	496
778	451
537	80
524	493
945	623
522	934
759	587
139	448
24	845
186	108
318	278
470	267
142	606
547	242
5	30
909	141
566	152
274	96
632	125
4	68
188	460
226	22
373	743
944	66
276	87
22	124
23	320
72	608
728	262
55	117
740	933
593	93
139	596
218	822
0	609
314	301
611	912
333	275
369	919
87	469
507	102
104	476
187	23
774	820
787	136
452	171
106	550
484	96
968	22
124	564
466	617
587	316
784	411
438	472
456	301
346	378
397	399
425	696
530	702
209	951
113	613
600	629
474	71
124	613
535	80
18	134
34	25
51	799
152	333
43	268
234	41
153	56
154	118
124	654
914	688
641	354
693	132
288	615
23	441
936	82
7	23
102	76
477	709
327	129
605	516
126	238
182	233
72	155
142	461
808	215
922	260
236	611
506	124
263	257
113	685
5	589
389	607
196	808
830	850
219	125
627	16
61	875
543	447
603	153
166	229
25	478
139	619
437	421
279	95
340	211
416	0
759	301
4	639
170	323
114	131
689	26
555	386
981	355
721	818
31	2
148	185
337	188
448	211
457	357
283	802
457	932
23	853
936	433
974	472
527	460
979	152
50	545
790	151
95	392
279	929
288	769
784	665
22	356
162	808
739	588
594	116
125	735
459	602
872	670
124	121
465	34
33	888
897	213
517	17
180	44
858	147
338	93
682	669
470	81
860	369
662	128
354	984
738	27
457	679
508	672
931	387
144	123
338	147
61	98
447	865
626	586
214	641
510	765
564	467
344	337
217	261
932	357
358	212
367	134
613	370
677	807
244	613
761	357
596	630
338	969
469	237
613	181
595	614
476	138
0	11
376	101
702	942
246	288
305	326
113	18
547	436
258	631
323	142
553	513
174	22
829	213
786	794
493	370
859	689
89	633
276	50
75	633
24	124
74	633
637	90
132	93
780	169
901	131
375	634
237	264
21	241
134	87
406	83
423	635
145	168
496	140
194	133
256	94
94	706
799	171
225	435
60	213
604	85
690	24
581	19
472	921
473	636
231	538
44	416
422	15
234	327
545	472
81	916
240	252
353	211
394	345
302	953
475	310
969	783
357	370
25	518
959	24
321	580
124	161
484	508
620	329
153	639
166	331
575	819
171	702
1	458
277	900
265	2
418	719
717	171
446	603
408	462
135	25
118	441
609	237
457	315
163	140
881	632
469	633
124	137
741	595
248	4
612	570
324	261
493	11
87	206
10	432
124	25
149	71
847	762
305	346
56	186
94	440
406	691
124	276
190	875
498	403
21	411
536	972
527	472
570	3
24	645
9	339
114	630
551	134
364	235
472	180
689	276
384	282
149	7
227	18
724	269
192	214
934	216
227	326
791	238
537	236
97	126
323	134
236	655
51	648
11	164
555	847
155	121
726	881
781	523
152	654
344	113
175	453
38	649
370	276
74	373
390	649
429	50
68	889
457	921
152	761
845	335
845	592
189	460
260	762
170	151
917	774
28	763
630	56
107	570
637	72
531	592
401	356
416	396
315	588
459	9
453	84
457	259
646	603
92	133
155	608
882	221
417	392
752	73
633	317
365	512
743	996
571	452
338	139
997	177
22	330
221	160
926	145
435	309
490	320
220	203
626	812
402	996
66	426
796	815
123	23
838	774
147	114
25	477
132	23
744	124
627	307
44	87
642	657
24	141
179	654
655	350
259	968
159	84
380	72
128	56
24	113
121	658
124	941
607	886
401	126
105	557
252	544
125	813
438	227
872	60
839	15
477	239
244	275
545	113
0	897
171	124
789	577
523	444
649	89
326	797
125	28
794	190
473	130
200	954
956	526
576	195
847	201
682	827
57	269
444	263
309	458
909	428
420	399
194	252
921	124
416	164
153	663
780	81
357	315
20	691
834	322
283	4
382	664
333	181
132	715
289	685
402	22
6	82
892	142
965	648
438	375
76	678
71	282
26	33
71	83
549	2
81	97
651	154
89	685
329	331
584	334
154	496
10	667
480	330
962	764
502	45
0	7
372	718
35	775
108	166
145	216
732	75
2	913
182	668
933	440
568	690
64	895
34	423
60	670
195	697
843	332
975	678
397	782
209	112
422	896
836	176
275	517
457	22
247	21
163	731
438	671
298	961
238	507
712	488
179	974
266	47
895	914
436	672
153	672
358	182
874	911
574	459
822	639
907	114
840	673
550	327
727	673
206	330
23	315
169	124
291	794
92	739
22	994
776	124
390	967
493	152
937	507
217	486
432	88
201	795
278	696
457	356
64	869
555	355
59	822
168	804
222	51
467	124
916	316
564	344
25	51
404	110
20	113
517	124
654	333
869	442
380	208
937	297
267	7
185	269
60	24
132	186
316	888
692	188
56	338
315	134
148	188
186	679
242	508
118	406
242	679
70	920
697	719
336	238
337	215
345	11
462	2
204	208
584	478
950	706
315	681
564	185
301	176
135	286
534	22
3	383
9	599
387	612
681	259
489	27
715	266
315	493
22	945
420	315
238	322
682	988
227	22
301	316
161	345
21	584
206	859
74	402
517	22
83	456
324	23
1	309
102	154
124	685
5	663
0	394
810	883
11	151
151	397
585	682
189	269
401	455
402	87
757	37
343	454
51	598
813	419
431	687
337	808
170	438
121	62
479	442
865	682
409	16
683	903
237	289
491	595
431	480
37	632
824	6
783	108
11	420
27	841
22	689
194	678
24	839
762	58
112	115
22	152
9	884
236	690
23	150
2	92
181	337
282	691
626	165
124	252
300	786
22	800
22	733
511	233
867	581
703	692
480	527
112	736
330	737
563	948
564	493
22	1
384	382
59	693
657	247
867	247
89	317
908	830
178	62
2	439
124	731
239	183
116	694
577	617
56	907
601	177
558	351
460	687
142	113
316	154
124	1
45	230
691	982
305	438
605	819
475	614
534	113
594	321
284	602
694	617
268	622
543	903
361	710
18	39
367	876
154	97
436	484
740	779
270	241
136	76
614	82
509	90
54	14
2	992
469	1
593	159
996	17
567	215
934	155
756	586
359	21
12	573
927	49
958	399
148	17
668	680
72	156
457	475
237	460
771	213
57	0
560	113
400	503
567	189
305	679
486	169
297	888
667	135
323	634
448	948
330	188
478	221
0	493
242	806
313	100
124	560
495	155
272	308
48	25
626	158
107	32
131	446
295	658
633	346
859	460
159	693
208	902
921	113
360	318
559	576
986	622
334	60
665	334
554	520
834	589
600	19
725	25
820	171
25	216
265	939
514	344
181	524
152	259
877	999
388	586
959	182
111	187
867	478
323	39
24	771
323	578
373	708
375	147
174	989
415	924
801	108
492	666
335	141
281	124
346	390
227	995
334	262
457	994
334	409
189	472
108	56
261	405
650	621
185	196
937	314
175	23
676	105
677	3
792	432
17	553
501	833
375	995
748	580
323	712
485	5
907	326
676	754
64	471
571	825
638	622
276	337
241	0
752	728
708	716
709	695
712	367
762	774
23	508
453	715
250	111
6	614
545	315
546	288
753	435
177	243
731	136
588	92
428	197
3	735
570	443
437	328
262	135
96	547
806	431
93	139
737	493
152	874
83	59
894	738
47	159
467	269
201	190
944	733
90	490
25	740
424	417
713	481
185	333
118	494
977	719
925	17
779	575
109	473
895	719
373	164
0	732
24	668
729	45
535	112
422	184
605	119
69	27
22	681
545	22
464	92
25	601
383	125
854	239
707	721
269	17
414	804
430	615
665	16
540	405
232	189
232	467
279	412
323	227
86	962
354	322
410	882
102	2
349	723
148	545
63	22
720	184
74	164
87	148
690	473
514	724
752	25
73	725
163	316
79	322
0	83
334	224
606	89
4	63
303	155
765	153
514	915
196	244
167	513
529	24
579	204
416	420
55	311
194	77
824	36
606	11
2	727
390	743
25	6
354	20
551	170
641	455
874	189
709	25
752	475
114	765
853	42
215	724
119	729
802	401
912	568
156	216
535	24
545	681
991	73
963	87
96	436
619	753
162	527
406	149
655	8
587	255
4	593
788	180
809	87
722	74
0	289
1	732
830	704
201	666
251	81
15	22
677	612
524	188
334	440
713	368
222	207
318	645
215	244
405	62
270	784
784	491
315	215
798	304
841	25
922	468
356	0
681	356
370	148
277	385
148	654
775	317
603	126
426	205
348	106
582	837
704	109
704	125
620	846
449	374
306	209
176	868
514	181
610	138
57	161
135	644
917	717
132	47
477	644
1	525
26	82
906	652
465	432
401	354
492	124
76	739
94	665
427	97
43	902
587	501
124	275
443	86
520	329
384	266
28	569
280	648
237	87
162	567
416	436
439	77
21	741
16	256
457	514
438	39
477	69
466	296
738	909
373	35
649	167
904	906
333	893
672	309
20	5
102	684
461	245
94	910
968	356
26	357
245	142
457	744
341	22
461	317
650	294
333	517
773	746
67	146
96	227
852	627
333	134
51	110
315	968
322	982
192	401
514	189
158	814
695	670
772	530
75	0
931	3
717	746
314	97
124	247
975	163
121	216
803	484
113	460
467	22
74	75
198	879
496	651
133	2
356	124
624	376
114	132
54	943
242	186
334	475
359	241
292	721
730	510
724	22
451	519
368	778
859	276
0	761
38	722
27	241
675	750
484	751
226	820
830	734
678	121
225	751
801	554
232	26
148	776
875	987
691	485
737	124
597	537
54	121
575	740
115	445
152	315
266	603
846	436
271	611
281	316
238	834
165	476
167	420
904	512
499	254
167	525
652	98
366	754
296	767
47	175
894	465
598	120
445	129
127	486
450	322
415	24
524	333
68	63
682	395
220	293
912	535
957	10
684	81
237	1
3	961
307	121
346	732
22	127
103	372
164	38
18	179
279	650
196	534
16	21
959	388
297	200
681	524
312	176
297	83
88	700
436	317
323	89
214	84
976	571
358	271
661	906
289	22
315	935
857	66
432	878
330	467
930	469
472	124
473	541
1	578
677	101
748	767
795	762
171	886
222	772
740	6
301	238
742	442
113	493
428	422
179	356
821	849
20	336
123	772
855	652
24	505
973	836
142	788
76	441
87	689
692	276
695	197
479	98
473	550
274	353
564	215
829	972
567	514
825	374
299	417
253	3
301	81
23	766
575	741
314	834
102	699
627	72
493	148
130	814
315	866
462	295
511	434
726	158
361	257
660	296
398	983
370	26
581	538
105	768
623	524
57	124
287	298
143	141
292	462
371	977
202	316
475	16
324	137
612	318
587	148
96	858
229	639
793	672
378	22
633	649
206	162
802	84
324	204
638	709
493	457
858	305
1	367
50	189
631	535
846	309
315	472
167	22
703	244
670	475
724	276
560	185
659	343
379	565
626	24
127	336
516	24
41	51
371	376
454	988
156	231
165	610
242	11
913	23
781	811
775	179
244	567
679	547
455	973
689	188
71	691
408	140
692	527
326	461
455	126
605	27
457	613
499	742
913	653
113	834
516	10
67	82
908	25
67	584
620	497
200	169
555	257
467	357
509	240
122	742
285	624
582	565
663	382
143	668
681	113
264	0
160	581
625	66
972	491
304	498
814	24
813	210
296	796
518	316
524	737
876	995
328	300
330	333
886	825
338	554
296	349
860	218
357	181
966	402
1	633
316	643
44	649
251	316
671	142
681	737
845	605
338	108
139	630
634	305
646	229
932	654
489	25
219	576
317	788
317	394
322	589
140	76
913	111
955	195
294	745
451	444
393	3
548	704
581	600
248	153
487	589
431	87
585	447
516	183
166	698
179	196
851	73
29	543
400	335
323	1
23	684
7	427
373	420
237	74
888	780
25	878
23	153
458	166
919	71
430	319
435	93
897	27
709	88
83	336
613	50
691	450
398	637
166	329
720	15
709	720
177	155
38	89
399	74
692	460
62	124
711	58
221	495
901	369
509	721
2	118
944	576
619	176
737	113
545	344
479	686
113	185
189	560
981	723
714	195
932	472
259	26
662	96
269	0
275	613
271	288
297	149
375	47
59	53
14	934
949	895
588	77
351	569
836	342
198	172
124	19
81	42
114	520
706	213
613	493
992	140
507	312
115	908
116	796
903	754
122	946
118	5
327	125
493	262
133	63
204	320
413	334
493	921
162	185
169	97
170	797
324	579
588	798
132	369
818	638
3	443
896	112
22	613
175	510
465	990
604	122
309	367
374	799
254	928
287	383
372	623
513	317
467	152
681	215
392	717
524	124
516	502
330	196
473	205
620	662
583	90
758	35
225	484
364	779
948	75
16	99
360	884
53	322
235	146
179	524
47	248
948	803
128	508
750	735
267	316
180	124
306	611
635	325
677	253
398	252
25	410
406	450
419	286
63	316
384	214
285	61
185	232
448	274
206	527
850	363
115	998
515	707
107	419
206	11
472	654
155	48
90	913
343	623
547	448
398	168
254	61
470	22
11	56
543	777
89	259
87	179
826	83
609	17
100	978
413	10
560	874
24	947
942	541
5	149
333	215
708	469
58	825
527	57
333	17
566	215
237	790
233	129
891	5
22	70
637	579
24	912
242	436
977	40
361	811
474	401
553	148
546	246
62	490
819	740
510	30
186	128
262	605
460	1
469	57
625	350
473	350
1	17
626	80
944	78
24	927
23	462
952	130
24	881
344	244
988	777
148	356
19	433
370	315
414	515
489	119
222	41
751	211
395	815
665	224
333	206
362	134
654	185
938	985
229	664
160	642
402	469
449	838
473	129
663	474
821	868
70	669
108	551
114	84
457	26
92	292
108	563
371	148
712	18
654	259
447	618
247	270
797	671
38	1
165	998
700	25
123	371
377	606
122	385
927	772
30	266
493	124
466	656
136	22
517	50
89	788
811	795
106	473
493	179
324	62
203	103
126	817
516	854
180	402
954	821
741	475
136	498
446	940
233	878
154	441
242	448
264	790
275	179
124	823
578	134
714	85
329	338
645	27
215	514
264	1
266	664
48	174
811	386
406	79
168	265
824	243
558	763
413	25
762	190
99	478
614	933
115	949
229	68
30	715
164	722
309	436
725	415
640	720
192	836
473	906
174	72
439	23
300	523
463	473
142	377
826	485
91	0
561	616
566	527
357	215
288	358
325	757
613	152
590	481
817	20
23	316
618	21
958	394
50	87
475	6
790	930
665	950
120	492
522	48
215	26
669	843
221	601
73	239
256	706
572	942
759	766
522	627
37	319
438	22
544	23
329	458
71	336
493	23
68	131
84	984
442	64
498	647
5	603
628	78
472	333
23	398
403	798
590	848
274	634
747	721
681	26
465	771
127	113
27	119
158	850
564	472
564	113
30	59
460	162
816	132
166	905
989	92
97	340
87	161
309	96
551	113
510	817
179	124
787	916
126	836
114	483
798	23
649	1
809	44
810	24
0	434
106	32
563	448
582	577
202	971
52	585
273	656
136	163
83	97
113	472
344	357
89	39
146	538
233	839
23	450
667	752
136	255
475	433
4	765
204	840
0	874
303	405
346	1
560	179
60	6
292	439
855	661
138	883
258	736
829	910
757	27
648	144
311	471
187	747
607	928
628	197
572	212
371	61
566	22
22	737
260	219
78	125
573	843
208	391
237	925
324	217
206	323
326	367
333	356
19	6
760	355
999	182
166	474
479	418
142	180
461	75
873	59
861	239
366	91
560	467
731	456
566	189
663	593
479	914
693	603
372	291
701	19
89	394
619	500
22	301
291	259
285	64
768	296
385	219
201	862
188	26
58	917
654	517
439	133
151	866
80	109
150	800
244	124
56	816
406	5
87	420
542	103
159	474
493	681
273	12
798	494
85	64
864	143
141	756
617	395
337	244
473	626
27	991
557	676
481	291
179	161
24	812
174	852
791	5
860	446
337	185
133	187
289	758
124	761
202	787
683	669
681	823
691	826
118	853
34	854
24	734
550	348
632	998
428	896
588	721
827	543
457	84
173	597
255	494
559	855
560	244
185	874
540	992
218	336
445	856
591	487
55	64
749	324
959	400
816	93
17	113
80	883
473	348
188	567
181	244
125	857
905	446
464	140
189	337
671	858
692	189
965	46
871	596
205	286
451	203
71	131
127	83
780	304
980	413
134	788
282	20
978	794
177	926
417	900
128	436
335	951
68	860
132	446
972	728
438	309
373	685
97	251
399	633
299	887
122	459
279	745
635	771
356	259
125	961
821	314
833	587
500	147
179	863
490	99
396	345
692	863
191	709
703	330
719	949
325	88
151	770
738	15
701	936
364	740
359	784
85	742
317	315
803	563
656	254
727	303
716	809
611	24
982	485
708	930
421	293
790	708
305	274
610	632
406	868
124	5
168	818
44	315
729	725
731	971
322	312
252	450
102	316
69	709
629	341
457	124
162	113
727	48
377	134
474	84
44	685
219	253
664	693
495	359
162	189
422	27
336	126
388	870
241	665
597	271
234	8
101	572
113	567
951	810
448	751
25	409
26	874
22	753
106	625
912	236
432	738
178	121
415	670
181	915
373	237
569	607
270	99
388	668
474	521
406	282
113	181
453	964
538	160
737	315
706	25
476	655
701	174
5	0
10	605
625	473
99	741
392	299
0	162
20	248
704	574
403	304
926	48
397	317
331	0
473	883
76	23
578	876
858	438
47	889
639	159
938	866
306	141
567	534
130	726
445	327
595	575
309	620
407	648
173	104
775	633
344	776
488	180
830	112
62	240
27	728
76	494
43	178
832	25
589	79
181	460
227	634
793	211
21	409
88	413
449	201
391	622
22	155
15	428
206	275
113	487
951	877
405	414
662	329
472	467
473	881
45	119
139	753
52	789
39	858
615	212
22	290
59	453
607	101
119	10
651	77
680	531
681	50
698	128
685	38
466	577
823	162
397	1
829	262
614	315
410	614
844	134
84	715
397	378
247	411
180	461
99	885
358	112
409	160
738	792
604	977
520	166
249	214
498	993
6	174
469	161
386	710
854	423
797	858
47	533
866	377
785	73
80	690
875	887
0	613
901	630
421	343
824	290
179	215
109	358
81	888
394	420
282	342
874	893
879	61
142	938
1	170
202	163
90	707
158	129
851	191
28	887
23	54
344	124
234	205
873	817
113	276
148	681
331	139
816	446
249	453
50	703
572	3
301	868
885	595
609	57
344	915
541	857
553	74
608	622
292	111
656	682
918	17
685	18
518	833
232	893
621	745
375	578
757	628
225	353
26	189
344	808
81	923
438	11
820	711
251	127
133	108
571	530
946	895
698	620
909	896
809	264
817	283
425	688
150	916
57	22
425	471
632	348
535	286
284	764
124	266
808	269
809	402
26	333
7	4
151	89
956	856
387	207
75	396
79	5
268	320
24	870
17	373
316	53
31	739
284	735
906	899
285	24
674	962
152	189
932	113
69	99
863	189
315	188
150	647
7	251
449	347
923	314
4	450
396	390
822	114
488	551
593	248
412	718
223	385
388	246
707	960
394	124
354	487
681	837
908	101
112	228
142	75
733	426
806	211
427	81
815	565
687	206
688	101
794	862
996	22
370	457
708	35
121	265
318	443
127	297
131	905
132	905
433	584
321	585
562	294
70	321
517	737
5	731
259	524
527	264
234	473
131	128
925	74
108	75
1	782
809	918
801	907
431	809
289	44
244	0
8	908
671	634
637	54
538	539
124	967
351	392
342	83
863	22
189	108
946	85
71	84
438	948
524	0
14	72
460	206
193	22
133	405
187	99
25	910
147	108
598	504
113	911
111	490
674	624
795	190
124	469
602	389
631	288
743	609
613	357
235	82
885	224
630	871
275	344
534	863
218	47
287	899
534	26
462	496
516	88
11	134
468	879
714	223
27	829
677	942
25	213
48	629
758	17
123	226
151	712
507	834
840	216
76	464
18	44
740	950
450	71
106	113
180	0
643	7
172	351
666	107
763	468
554	225
744	22
229	93
911	232
568	236
26	244
493	460
427	281
4	646
460	57
25	680
865	623
24	631
806	448
921	0
95	98
25	584
967	87
207	32
251	297
749	231
13	328
523	100
271	546
425	86
460	89
411	235
919	619
264	716
220	421
373	390
436	458
786	530
890	25
265	522
825	917
443	677
777	929
835	384
135	230
346	89
188	808
229	474
937	398
14	627
215	185
178	217
251	923
235	19
200	470
982	149
37	24
73	400
46	41
826	954
398	268
180	399
609	74
414	540
859	162
943	23
116	321
410	247
389	424
23	992
980	432
433	82
47	860
441	2
198	569
196	689
682	659
158	106
362	488
586	870
703	189
736	24
2	515
861	364
183	45
315	974
317	180
112	109
822	446
447	929
840	986
269	457
166	147
927	110
470	102
678	118
357	259
914	949
350	850
73	230
171	711
57	276
480	687
707	2
732	345
912	184
25	183
443	931
971	118
741	67
75	289
75	685
87	142
89	180
91	573
93	646
6	247
517	681
923	126
765	860
137	14
881	956
139	446
117	418
211	698
92	441
415	230
237	113
629	727
239	725
131	630
281	975
99	67
837	935
285	922
377	89
477	184
119	851
352	608
448	458
391	216
896	503
176	485
896	400
669	773
396	346
613	545
252	540
202	150
220	273
821	297
898	179
75	553
72	177
918	525
180	563
184	529
930	0
134	113
307	673
261	515
133	747
228	611
236	636
920	258
317	39
20	175
953	351
714	125
24	539
329	783
483	940
123	172
137	380
778	941
476	550
355	372
28	519
83	354
763	222
374	838
126	266
462	441
743	732
173	769
127	301
442	277
354	193
125	210
600	146
639	369
23	208
290	241
232	215
638	216
229	131
5	984
900	875
97	684
246	947
32	570
56	620
682	279
781	257
209	631
843	945
953	144
264	35
298	207
255	518
638	637
599	125
770	420
898	737
173	947
573	837
89	108
718	542
22	20
111	133
212	947
17	22
25	434
233	959
692	534
649	420
553	420
259	196
145	23
837	789
587	518
654	761
640	854
161	152
125	130
75	460
22	460
23	678
8	548
25	950
26	613
213	740
399	1
45	489
641	193
667	422
51	28
427	200
476	690
192	20
24	173
114	940
836	97
963	227
424	299
4	266
20	342
51	123
349	748
391	240
117	383
664	646
840	252
378	420
295	637
125	24
267	678
399	245
292	739
297	954
184	25
276	264
29	594
644	230
17	39
24	769
599	955
474	664
870	531
251	486
550	234
563	96
880	965
349	565
920	454
15	909
276	232
980	957
756	959
242	124
624	987
312	589
315	22
147	225
345	958
346	289
357	737
759	200
184	15
169	643
186	907
158	676
921	179
956	828
439	739
189	215
473	526
375	547
3	764
397	377
924	230
708	390
313	449
325	792
674	961
241	232
19	48
145	243
307	23
234	426
778	842
96	147
687	527
148	147
475	99
185	467
269	232
313	190
539	6
576	899
233	947
323	963
18	963
283	593
494	295
60	27
820	492
510	192
498	118
799	820
486	342
529	704
859	215
74	179
415	27
310	241
460	480
305	170
831	988
316	766
317	782
994	472
319	400
351	987
194	23
866	461
467	613
758	469
684	312
472	196
661	365
795	407
185	514
448	149
107	284
457	968
128	458
244	467
458	969
472	681
4	474
35	26
907	783
484	846
785	709
131	153
142	227
695	60
169	81
5	84
915	237
275	232
31	250
194	818
316	340
549	77
39	134
414	707
375	96
4	730
911	457
818	62
545	932
933	972
432	552
170	524
214	973
110	711
15	24
302	927
454	594
418	742
527	859
898	974
694	941
22	939
188	566
293	332
921	974
549	403
776	113
869	277
691	589
4	382
607	28
939	178
237	687
609	480
498	853
870	143
469	431
113	918
646	131
296	565
708	87
309	242
781	313
768	621
244	911
274	18
130	165
163	494
596	329
480	859
84	817
821	450
924	239
673	522
610	473
244	979
364	950
419	8
276	22
264	743
474	20
284	66
922	277
529	616
654	0
932	0
376	928
25	785
252	133
887	123
84	730
473	165
738	37
818	268
46	51
737	472
953	41
414	464
204	265
155	146
40	914
469	26
669	585
47	730
907	147
524	315
413	232
916	267
163	31
337	196
401	984
126	984
687	26
920	293
673	341
1	259
196	237
467	344
124	206
115	733
20	249
679	26
905	500
18	11
148	225
243	600
86	805
364	73
168	653
775	461
267	281
124	118
234	626
102	23
718	519
445	106
341	145
936	221
264	44
197	503
415	10
931	107
513	44
407	705
133	989
891	641
231	174
84	891
161	259
140	989
405	739
511	143
144	880
118	81
23	146
545	26
496	250
119	990
0	472
24	999
511	959
299	179
692	808
290	155
603	132
457	196
963	461
472	925
498	643
185	692
501	766
493	333
183	184
113	189
87	196
440	473
588	102
124	245
238	456
911	356
385	742
921	994
922	95
991	25
419	101
809	930
126	84
84	20
205	363
826	59
722	17
533	266
583	121
966	996
35	402
872	69
323	367
305	484
846	458
33	53
428	73
241	82
476	112
309	329
425	51
986	54
318	85
91	767
272	529
536	155
146	840
149	200
236	476
444	650
724	692
63	163
161	1
617	777
73	25
167	74
618	623
