286	944
166	765
370	0
390	264
922	442
169	267
234	704
901	166
74	170
791	826
28	875
609	373
445	234
94	334
62	414
822	93
372	201
179	5
4	964
520	619
453	4
401	282
487	5
148	524
136	780
835	20
281	136
89	345
18	892
478	6
308	655
308	616
7	923
5	175
436	108
168	414
934	341
1	345
2	408
73	832
148	823
353	448
505	531
11	17
82	475
760	379
431	685
644	10
3	101
249	510
49	965
0	17
164	17
518	169
27	111
455	282
663	664
390	809
180	18
0	18
131	139
583	960
462	140
4	889
286	942
128	329
77	2
755	944
183	771
190	100
25	262
420	1
92	549
4	20
5	354
11	461
282	126
633	18
69	262
510	248
484	331
1	11
914	946
942	393
260	530
192	84
10	423
938	11
17	396
823	689
0	22
1	326
17	124
18	461
759	316
200	643
403	23
990	894
2	23
118	316
22	921
706	933
383	287
913	707
75	457
969	186
866	11
65	656
1	148
655	636
60	25
24	561
515	23
494	154
126	487
823	22
420	151
24	680
423	667
0	26
146	27
182	810
952	165
59	139
25	27
26	131
0	923
396	167
390	289
109	736
719	869
19	824
0	705
27	890
180	11
14	156
692	330
551	18
911	344
653	77
24	473
882	19
435	458
176	81
636	814
26	761
395	577
208	622
35	930
749	307
440	67
356	206
202	102
181	50
601	642
0	275
343	582
125	115
287	9
842	263
87	75
32	884
7	486
11	551
17	431
277	285
23	33
138	24
290	177
119	832
119	592
170	578
758	74
667	34
87	264
884	318
764	807
242	93
191	179
941	366
161	467
24	853
990	27
568	668
533	593
318	906
936	235
88	423
871	93
127	528
529	288
36	235
411	614
326	844
415	771
114	139
437	22
0	96
71	340
681	11
163	150
5	836
0	38
568	24
33	470
75	420
513	38
231	145
1	39
4	817
675	961
187	62
262	851
996	89
189	259
193	20
112	288
474	248
656	124
743	402
298	599
494	2
473	271
117	86
120	280
133	540
33	42
5	453
488	134
22	524
553	50
17	469
38	167
343	395
1	461
2	496
721	76
415	135
579	43
17	44
553	44
50	188
88	434
83	153
19	146
422	552
682	617
902	324
24	845
141	319
161	685
819	6
28	624
18	89
332	70
23	295
504	222
757	88
326	866
616	24
198	532
328	760
22	337
516	725
385	311
827	366
142	124
513	18
360	207
23	414
855	122
851	25
518	766
584	99
828	24
426	750
551	712
566	823
693	114
22	316
66	381
925	609
0	50
167	315
633	732
250	77
841	409
22	50
26	50
995	1
616	857
18	377
746	799
174	303
776	472
396	151
222	98
71	192
468	120
0	87
4	693
259	472
611	535
1	89
5	591
989	2
916	53
22	11
728	191
378	493
290	19
11	153
326	375
688	857
34	845
22	147
509	23
39	96
866	39
50	356
358	956
315	161
472	613
179	469
703	181
453	126
296	723
932	148
633	396
189	148
18	179
74	151
514	188
148	471
962	125
567	26
436	435
496	439
22	493
583	23
358	597
750	101
179	26
25	243
722	44
641	79
309	56
685	918
374	717
551	39
47	59
44	74
471	117
964	817
20	453
269	22
23	243
258	24
291	100
495	475
260	385
28	598
26	493
41	492
251	589
221	642
112	611
756	258
141	854
26	113
549	31
351	302
807	125
35	390
259	0
866	1
458	147
352	926
23	202
168	515
22	357
434	212
403	2
299	772
472	790
585	767
248	59
312	7
268	983
408	464
108	22
152	11
922	987
312	868
178	23
421	91
101	365
39	448
624	64
736	597
776	50
222	61
0	23
551	0
910	728
232	654
315	180
246	24
20	71
24	129
88	720
470	556
44	420
268	124
737	50
737	162
45	69
972	752
140	439
144	927
491	440
109	271
18	866
194	124
536	146
852	145
459	855
412	523
5	71
316	150
729	60
341	926
306	24
217	939
467	26
208	943
593	47
784	99
282	5
721	707
818	398
902	608
232	0
443	807
8	158
439	403
148	23
112	24
784	247
253	387
50	493
336	314
57	703
898	0
17	74
56	520
52	831
561	109
199	24
22	46
40	895
729	27
950	861
35	469
694	580
50	923
370	517
489	73
68	132
225	1
783	186
609	35
18	75
536	72
347	978
446	59
17	685
862	519
878	792
612	3
345	75
993	255
124	343
270	475
461	305
314	312
240	133
65	827
826	79
182	877
921	50
143	680
505	999
538	600
238	149
473	419
559	287
197	319
454	582
507	79
67	270
87	1
11	124
536	303
23	81
319	15
392	558
23	304
473	286
25	364
226	46
657	82
472	898
50	11
35	918
5	83
23	518
18	50
231	391
96	508
371	385
266	860
57	808
54	622
620	108
42	63
157	190
23	268
24	319
604	311
730	175
828	246
746	886
748	723
169	23
24	430
566	330
683	157
422	78
148	472
22	189
493	87
311	85
642	23
26	87
17	215
697	223
277	946
23	983
24	931
25	88
26	206
27	670
757	335
960	380
44	89
54	579
879	880
2	53
859	57
297	81
113	206
241	411
377	11
137	852
166	919
952	655
553	89
508	458
50	89
566	26
11	305
998	130
391	638
79	487
345	245
193	715
0	185
38	416
462	90
125	298
23	975
185	87
99	495
22	333
23	149
613	333
238	83
26	356
281	498
75	399
316	787
677	688
415	73
441	408
2	464
634	858
206	57
800	127
255	150
206	566
295	90
704	308
839	430
721	133
674	3
27	334
394	75
390	22
405	268
176	126
209	212
23	11
380	6
972	25
26	124
861	27
827	945
254	98
710	978
59	114
63	53
561	306
544	653
129	830
354	84
732	89
318	572
701	36
337	370
6	829
121	133
367	375
401	973
320	111
121	324
69	851
452	773
30	730
484	497
431	74
802	453
11	170
17	525
278	425
71	30
773	811
501	731
448	148
265	27
555	781
556	267
124	100
149	251
940	93
111	747
272	24
1	227
699	97
24	363
998	129
59	225
978	257
289	402
259	22
192	142
974	493
93	22
485	238
476	308
314	127
315	744
650	718
234	66
320	178
426	541
650	103
1	134
320	653
738	88
987	389
975	494
39	606
742	299
696	884
101	962
352	145
478	433
59	108
878	27
108	0
227	671
148	323
53	102
496	48
1	378
314	528
7	150
25	16
743	289
258	246
20	873
54	137
23	653
210	548
25	334
52	91
230	27
23	111
436	563
107	675
108	438
656	395
535	272
568	228
109	912
877	24
497	11
461	472
265	261
686	875
23	124
326	323
18	782
971	255
22	113
330	534
720	45
25	241
579	121
731	23
26	724
142	151
26	915
69	670
148	104
102	4
169	33
247	25
224	94
404	226
4	715
473	115
237	930
676	116
229	84
491	94
483	68
827	395
88	667
95	875
697	952
483	0
113	724
965	144
530	838
464	62
82	99
375	458
76	118
739	77
408	118
110	120
113	188
142	317
69	191
82	539
204	156
411	270
713	300
5	126
745	847
904	576
89	17
96	679
953	120
416	35
357	0
481	862
25	990
83	4
856	850
131	801
997	82
939	121
37	845
365	122
92	678
17	126
853	267
315	26
90	124
433	601
845	605
585	273
838	717
429	157
892	89
446	20
859	87
88	592
84	591
878	552
502	605
113	124
119	73
535	228
305	844
893	0
849	149
121	960
267	33
42	787
107	101
473	327
741	433
44	0
817	79
50	321
633	970
132	331
405	583
938	1
189	333
518	102
309	751
23	22
68	114
253	735
507	322
125	387
331	128
427	127
0	305
59	603
977	471
549	23
24	951
25	67
125	106
501	556
124	185
98	900
126	192
95	61
146	882
513	17
640	27
0	724
84	266
860	131
567	232
11	970
583	490
967	17
401	487
232	370
569	299
544	2
4	176
240	804
289	431
753	698
22	74
155	23
458	751
702	22
22	26
27	135
870	668
382	646
457	460
812	165
50	124
9	922
59	619
119	135
450	301
124	716
367	170
168	490
739	252
356	467
57	708
17	390
22	264
23	136
515	721
629	72
26	111
627	137
17	151
18	245
23	699
319	400
25	779
244	915
229	4
966	38
26	18
41	976
152	457
739	651
840	960
320	261
917	171
215	206
66	419
59	940
985	606
929	594
255	202
115	327
75	402
521	802
119	230
869	254
651	490
262	27
749	14
275	259
50	472
319	34
52	676
185	57
505	430
378	317
23	501
624	479
18	170
858	326
529	212
281	118
320	747
158	655
129	726
71	126
23	250
559	86
108	331
905	159
186	309
210	952
131	663
571	492
689	89
402	50
202	136
143	24
356	979
685	35
715	283
124	264
108	753
72	48
57	26
78	319
82	359
353	662
644	991
124	92
497	225
608	22
23	322
249	384
25	359
101	857
101	125
127	81
134	712
215	148
0	148
1	44
286	125
31	281
33	63
394	788
472	1
305	458
765	47
0	513
83	589
102	150
125	419
439	111
133	509
315	124
625	125
63	97
34	738
211	547
569	468
124	227
753	147
329	139
608	177
87	152
57	181
848	294
637	168
696	125
356	152
35	44
367	438
103	412
44	317
50	534
403	22
68	153
658	54
851	752
22	181
23	154
80	24
239	25
237	26
25	15
143	115
781	713
642	506
81	63
817	249
553	164
898	776
269	244
20	730
43	90
739	23
516	729
24	610
988	116
578	634
957	644
153	59
573	220
408	23
167	958
145	303
110	41
124	681
551	142
139	520
419	572
473	952
83	126
229	159
22	527
25	133
608	48
50	654
491	334
403	281
847	313
22	43
89	179
90	23
418	392
706	411
675	101
390	161
897	933
337	50
148	113
749	174
89	161
340	251
84	148
227	876
255	699
183	635
50	57
950	6
675	3
137	156
247	224
23	163
635	34
402	716
837	116
461	551
168	43
152	681
317	167
578	844
289	809
633	722
795	386
36	160
138	165
276	188
739	281
152	151
331	630
816	166
114	166
380	391
178	398
630	166
283	384
260	46
899	652
269	87
576	318
174	638
67	310
98	285
416	167
450	238
174	943
518	498
699	133
194	168
876	134
81	84
206	689
251	684
8	125
212	199
403	441
2	292
22	121
108	329
480	26
505	173
83	455
227	170
401	641
563	846
488	606
88	24
679	309
22	27
151	493
612	570
558	144
256	60
74	513
389	879
970	89
898	315
31	699
693	248
880	51
57	259
47	510
650	379
136	316
43	62
725	45
289	17
309	338
36	475
124	83
32	101
111	544
304	136
189	185
4	175
0	911
227	11
562	293
897	25
97	849
126	641
700	434
33	518
497	132
890	729
507	176
124	431
647	494
99	177
21	82
45	605
456	297
949	40
125	66
749	137
56	166
816	131
94	27
175	382
0	124
202	118
44	164
155	208
22	232
472	179
412	0
159	132
114	218
790	57
39	170
167	89
569	376
947	615
186	139
874	613
727	137
124	181
675	125
93	153
179	177
152	181
148	181
143	182
442	254
678	993
39	963
34	628
467	932
277	95
149	456
326	211
223	604
331	554
148	22
73	890
414	187
17	75
78	184
34	434
693	218
473	381
96	225
136	494
210	130
539	581
368	313
225	331
22	185
509	252
786	444
292	76
278	807
147	211
11	315
290	538
78	738
81	5
194	187
756	182
369	619
722	167
78	15
649	22
618	789
152	188
809	161
163	97
435	338
357	545
179	188
181	188
69	135
464	515
87	525
453	384
565	105
149	79
788	151
401	817
488	142
386	407
280	110
368	51
805	9
388	306
166	619
124	167
416	245
179	333
628	15
604	652
0	35
361	58
20	126
480	181
901	93
614	665
159	114
400	877
179	911
181	564
188	189
122	906
910	740
116	929
89	525
135	841
791	71
921	148
777	656
199	388
179	737
736	236
839	199
50	152
605	854
609	161
719	117
970	167
460	179
305	416
457	761
660	429
127	149
132	59
623	694
162	196
64	418
763	928
246	951
59	871
704	956
77	494
255	81
334	16
95	64
382	446
745	157
904	253
186	225
28	198
469	44
883	284
37	552
931	22
805	125
387	107
27	224
207	574
726	535
53	200
969	329
482	511
72	475
546	125
696	86
523	842
234	106
969	108
698	331
880	666
246	615
205	733
63	83
87	716
528	97
274	797
904	383
919	679
53	587
274	858
276	460
901	59
113	152
240	90
427	800
921	524
943	522
520	331
0	519
165	24
481	773
681	0
545	0
564	232
81	7
11	39
552	24
89	164
602	98
455	192
179	1
616	568
164	206
113	457
124	932
125	426
726	210
985	377
93	0
98	371
767	573
156	673
597	631
651	588
236	529
0	743
11	367
51	666
23	240
24	546
17	161
776	22
17	534
24	209
3	360
26	181
586	24
577	988
271	645
6	581
134	0
526	130
472	26
961	207
99	247
25	829
20	455
602	624
600	48
22	761
60	608
149	81
878	209
434	428
57	87
1	396
121	902
346	38
114	663
493	215
950	213
29	466
65	577
151	0
305	578
602	875
11	770
362	551
151	378
637	261
155	174
777	321
50	196
77	496
848	786
74	525
293	70
209	828
407	368
73	69
506	36
22	599
810	616
388	143
36	495
475	440
883	610
121	23
844	806
439	441
937	251
229	153
159	248
214	964
125	572
333	344
869	98
957	88
99	19
484	435
840	23
492	172
179	181
790	469
103	300
981	91
83	791
68	822
52	683
816	139
222	172
903	273
215	467
59	211
428	503
867	701
718	451
160	243
567	337
467	514
82	741
196	527
70	843
826	126
970	75
703	188
715	401
146	216
407	313
829	575
815	379
496	739
869	418
242	108
683	447
939	658
382	218
642	19
970	1
215	0
590	103
18	317
162	87
92	133
935	843
863	566
179	994
494	498
128	801
289	124
195	383
139	225
148	613
954	127
113	566
140	441
214	873
398	261
548	813
503	482
844	227
887	532
134	317
179	548
308	228
887	558
210	856
53	59
546	228
191	832
446	500
79	401
382	229
128	446
770	89
11	712
31	124
514	179
605	230
282	79
54	391
705	263
125	764
69	230
154	77
62	168
7	821
902	113
15	878
834	83
140	92
136	518
109	246
999	141
289	26
244	148
155	629
462	653
564	152
356	185
308	952
346	44
183	423
207	443
645	586
50	1
171	571
27	741
115	8
681	179
403	140
97	868
0	179
506	235
53	36
192	973
16	82
22	221
124	460
124	131
714	287
521	248
19	160
50	370
232	613
480	925
475	506
161	22
148	237
527	237
592	700
22	979
161	237
206	269
211	563
363	210
56	446
371	232
275	17
493	259
57	162
24	182
534	162
537	690
230	239
189	344
221	19
168	240
997	174
40	946
66	205
307	145
22	907
949	471
94	410
226	711
161	758
57	925
163	255
443	884
16	595
588	441
858	242
469	480
486	427
534	124
139	96
177	600
588	154
772	172
345	134
694	0
244	472
124	370
438	844
554	166
182	885
826	406
687	57
925	151
162	244
582	659
151	245
10	854
237	525
174	522
338	520
627	749
23	118
46	773
23	62
514	560
91	929
4	249
84	218
293	125
23	638
867	221
27	785
25	256
22	204
27	465
442	499
193	322
342	126
968	681
211	435
567	148
0	161
757	233
548	348
618	52
218	4
506	221
803	242
246	143
11	44
527	26
198	607
154	133
140	250
113	1
47	639
397	770
131	520
226	504
607	879
139	56
161	402
916	169
135	73
102	124
134	142
62	804
78	183
543	466
979	113
356	244
11	397
187	405
337	356
74	1
894	413
98	442
417	569
35	17
689	460
44	38
30	521
486	643
152	808
281	798
586	143
241	584
2	111
304	255
889	248
11	89
126	791
750	677
124	87
510	835
889	639
164	148
657	235
166	47
153	132
144	120
148	737
151	345
232	152
187	707
118	462
811	978
486	97
394	782
755	419
316	780
961	805
225	801
148	259
920	935
665	27
556	647
486	684
336	485
179	259
672	497
849	63
683	557
75	124
89	124
514	315
104	260
826	5
97	149
210	814
508	211
960	261
25	22
287	55
108	698
300	28
435	329
547	672
320	295
662	803
494	127
22	206
179	185
22	24
768	580
955	125
124	125
123	28
825	717
762	257
75	38
533	84
1	211
297	868
206	17
922	98
414	252
149	301
530	711
286	66
658	265
894	957
995	712
22	373
235	156
67	433
921	545
785	729
482	400
775	75
63	267
92	439
59	93
705	100
163	81
494	281
716	685
71	641
128	147
150	587
62	268
511	388
307	14
409	440
716	609
23	113
50	244
211	679
560	564
172	302
642	36
213	972
42	267
21	270
564	50
401	59
235	824
127	643
924	628
131	166
907	338
36	221
815	157
189	564
114	108
734	130
22	236
27	239
403	77
892	377
180	134
698	114
989	23
214	5
215	893
410	99
773	711
134	170
5	973
803	96
633	164
672	50
227	679
948	274
294	472
22	35
406	71
215	275
885	334
538	19
516	990
26	275
196	276
915	185
476	626
513	390
873	249
196	188
823	276
7	126
216	137
386	361
419	3
457	979
167	378
87	472
144	302
97	954
706	60
710	811
110	226
23	651
276	74
216	307
114	56
25	670
765	229
0	534
125	254
643	63
610	308
459	0
182	870
244	179
630	4
864	319
31	77
414	133
0	164
86	360
460	0
281	76
150	501
610	655
698	801
71	23
498	23
456	450
214	891
524	237
14	231
97	7
899	559
149	868
180	737
434	119
340	821
919	186
101	734
246	272
302	222
26	148
917	104
24	531
488	39
378	18
793	436
289	708
941	582
588	281
0	560
1	488
93	520
0	609
508	333
275	915
974	148
503	909
104	773
322	456
444	291
135	924
736	271
104	452
50	215
871	56
828	112
275	185
877	233
106	381
149	53
57	330
287	599
235	99
239	890
449	452
654	681
245	11
467	275
16	270
570	696
125	123
931	125
72	522
259	935
195	652
0	776
816	619
904	125
565	660
695	728
888	97
200	127
903	618
63	7
448	793
248	533
353	96
500	630
219	55
114	47
95	900
510	20
93	483
772	666
796	565
153	382
387	443
580	618
215	124
932	232
236	505
874	517
27	73
107	66
87	17
483	131
983	818
93	500
121	295
193	510
476	24
421	105
106	327
774	347
483	59
808	703
702	717
315	259
831	543
363	830
804	490
215	259
839	388
766	556
564	275
353	309
269	330
355	694
519	542
4	406
456	485
502	990
436	751
661	559
907	329
27	709
555	407
638	208
719	900
113	654
655	690
368	705
52	748
132	131
29	920
713	451
250	588
807	426
24	325
191	25
448	170
263	100
103	848
38	22
562	421
242	846
701	824
545	259
262	695
413	24
95	928
620	225
312	71
885	575
252	721
789	13
916	23
113	764
11	662
316	304
263	862
250	43
55	425
715	591
108	919
227	305
23	494
24	109
25	310
746	976
495	433
851	27
151	317
482	182
552	15
727	926
244	514
497	547
75	22
683	831
216	72
1	75
971	23
163	647
31	76
64	223
699	993
813	158
580	220
92	250
102	833
700	143
316	42
564	179
404	22
11	488
147	309
129	526
204	231
326	134
146	581
147	801
10	861
152	357
194	90
275	979
6	67
459	652
340	312
838	22
161	431
124	189
487	22
341	600
423	465
68	248
276	527
937	312
628	428
301	312
114	93
366	865
223	311
648	598
29	116
776	179
816	822
71	79
778	263
151	488
23	472
27	832
251	800
800	23
217	405
206	315
194	174
211	458
72	231
178	622
113	242
113	87
148	337
393	125
581	243
779	67
166	139
140	111
203	49
853	316
0	457
1	317
11	317
319	25
23	97
111	462
372	300
237	124
125	318
804	544
229	533
234	463
803	547
1	181
331	596
114	128
286	541
347	811
59	229
174	727
985	134
250	2
259	333
128	96
81	193
472	275
840	137
161	44
558	424
412	542
223	122
113	395
140	509
306	947
441	992
441	739
50	514
202	647
428	400
510	214
305	323
672	128
848	542
146	177
317	958
0	127
23	292
380	986
211	186
82	221
222	532
232	344
157	981
678	202
22	149
410	334
756	143
870	306
910	256
588	439
276	162
249	964
410	475
259	370
716	237
269	370
315	317
436	620
215	196
192	641
206	237
148	274
699	678
348	381
89	244
554	128
848	481
315	517
95	332
16	440
451	523
220	105
114	596
504	280
186	329
372	444
352	522
308	148
491	270
58	260
152	215
322	176
985	142
812	158
244	232
18	737
376	471
132	84
375	274
357	514
16	247
402	17
558	198
850	655
603	47
304	731
324	622
430	109
600	290
683	332
363	814
315	333
566	692
0	333
514	74
11	87
72	307
168	960
456	312
185	181
38	925
148	859
513	22
609	264
657	221
856	881
152	206
173	306
445	381
900	499
615	209
448	375
176	456
330	162
457	517
480	0
596	166
153	20
315	337
750	125
399	317
949	459
130	632
330	823
703	196
658	217
350	205
186	338
465	88
211	672
662	242
499	198
566	703
130	813
650	355
852	72
602	686
135	45
948	147
258	512
152	244
670	16
17	716
62	983
25	197
176	340
519	481
79	791
539	341
807	612
368	113
992	92
973	79
166	248
775	11
84	131
606	1
188	22
192	342
15	546
89	420
81	53
882	936
378	142
628	119
888	53
98	277
22	344
473	445
676	617
637	204
26	344
635	88
289	525
105	562
472	125
737	0
212	112
18	345
319	999
928	28
113	356
167	346
710	886
2	739
964	126
369	131
394	11
3	24
400	24
237	480
573	683
761	517
4	84
254	558
388	24
4	835
34	88
278	612
111	92
472	439
24	197
316	126
78	482
108	630
227	375
50	148
68	59
57	232
315	113
111	653
125	350
508	435
275	22
122	85
212	561
568	109
120	51
355	457
125	205
127	684
737	370
152	185
315	78
583	217
317	712
531	233
394	377
814	856
244	564
318	3
291	263
479	742
352	303
797	305
171	103
306	828
68	940
420	74
78	88
490	818
38	11
682	105
282	354
44	402
203	590
384	175
183	88
995	323
192	193
515	509
438	679
771	88
218	266
232	356
360	32
674	884
30	84
524	357
113	357
287	339
124	357
695	924
68	382
437	767
237	269
265	54
173	631
936	36
269	472
228	138
526	856
179	370
214	283
162	188
815	621
660	796
22	179
927	598
897	595
68	331
612	360
528	53
431	402
2	76
181	370
852	177
68	901
124	71
152	370
571	46
260	449
931	612
155	538
75	362
148	124
87	687
89	362
154	464
5	192
179	51
454	676
894	640
179	968
554	108
158	548
346	17
262	910
156	934
82	262
641	84
244	185
19	177
0	189
688	735
25	99
188	863
860	114
399	970
337	162
195	899
148	517
731	150
206	276
181	315
729	861
982	456
193	401
533	663
908	473
323	876
136	118
507	336
124	333
303	341
349	220
229	248
710	260
326	508
486	200
124	186
244	22
954	149
654	356
450	127
113	330
54	27
191	695
444	794
74	18
64	122
560	181
147	139
525	513
312	97
18	1
724	57
923	149
367	227
541	125
457	244
918	289
399	18
622	204
864	24
90	187
117	977
137	522
528	7
566	196
289	373
802	474
248	664
2	993
242	305
161	373
315	148
0	188
9	298
71	176
132	108
845	628
181	911
24	233
0	89
188	269
375	242
394	142
509	187
152	148
215	22
335	864
283	84
132	218
368	847
760	203
719	499
432	37
131	474
142	1
844	797
770	245
474	5
417	558
799	260
186	147
113	259
14	341
27	15
193	984
536	341
907	108
203	294
273	26
20	83
491	124
17	26
976	711
504	965
24	615
867	19
379	660
79	83
318	559
50	113
376	64
946	742
457	337
410	409
90	133
266	175
160	584
441	250
904	287
562	768
403	464
166	93
176	83
976	51
499	98
179	148
180	712
478	67
642	6
704	473
25	861
551	367
283	873
283	591
231	307
225	309
535	109
251	821
62	92
397	180
686	28
646	248
886	774
157	203
375	39
216	290
495	359
788	378
113	0
114	905
107	755
184	792
145	627
733	125
474	68
745	379
822	131
72	352
357	472
595	21
922	117
20	79
434	27
127	92
24	872
260	772
270	478
264	17
454	682
377	17
807	570
338	596
812	138
625	205
490	178
124	968
651	140
276	330
515	540
11	958
352	997
738	864
459	8
595	270
124	760
286	234
250	739
344	50
517	0
217	268
776	493
524	370
471	55
666	648
173	228
260	825
17	57
237	315
127	470
28	222
733	393
89	87
606	180
457	181
333	761
402	164
485	342
44	394
397	394
682	945
376	98
75	513
299	285
159	533
688	107
89	74
36	601
710	257
142	39
44	525
245	75
898	188
724	196
553	167
201	100
578	326
27	325
384	4
749	156
44	633
337	113
593	218
170	858
42	102
208	54
23	477
69	785
180	420
394	378
0	152
863	330
14	673
8	463
11	142
201	705
17	50
167	75
491	665
39	22
915	692
181	215
344	179
980	430
197	88
283	68
966	75
44	967
40	471
531	141
26	514
50	467
337	560
390	402
196	344
357	179
49	404
728	933
701	324
178	261
74	0
734	210
90	252
820	702
276	26
630	132
394	488
494	304
309	497
37	640
50	315
581	882
841	832
842	124
780	971
320	405
278	207
134	274
416	87
266	964
162	269
491	224
181	189
318	101
87	790
20	984
364	829
880	64
190	407
96	22
90	168
778	523
539	19
802	591
699	798
325	15
354	591
309	305
609	390
408	992
823	703
179	167
556	102
111	989
755	284
162	703
526	106
243	538
22	111
228	626
960	62
686	899
124	42
893	152
460	330
301	7
179	613
789	273
700	725
774	717
232	259
219	223
740	829
344	259
389	254
74	396
4	159
56	331
241	94
178	579
811	452
644	725
282	83
79	312
0	315
643	427
578	671
382	47
232	457
333	237
157	621
119	415
746	820
133	23
511	864
985	18
629	852
42	993
137	231
341	608
345	416
346	416
315	416
251	587
319	645
754	116
113	893
502	434
801	186
311	122
844	170
232	113
81	102
685	237
15	335
986	934
21	99
196	26
882	701
393	944
399	89
96	806
310	99
573	321
176	79
251	868
24	636
0	375
755	205
87	613
396	722
244	113
480	87
237	179
920	659
148	57
463	125
23	528
169	127
15	792
176	450
199	561
211	96
663	646
541	205
232	560
422	792
327	426
557	920
14	380
463	550
125	3
310	433
410	784
129	130
394	180
95	371
242	274
399	17
598	404
2	490
77	408
451	842
170	671
935	0
769	212
15	10
136	798
445	572
242	170
467	148
355	621
152	744
258	531
258	209
23	427
380	156
738	124
702	46
461	394
780	498
997	303
897	21
20	891
125	113
484	458
325	78
985	180
18	420
765	131
466	65
148	401
148	357
362	770
358	236
650	523
470	833
180	74
16	224
545	898
747	496
411	475
17	905
530	120
689	57
57	431
75	431
975	76
633	513
724	703
353	242
142	420
1	151
305	18
236	271
214	984
744	26
173	511
924	644
934	145
130	158
301	507
126	643
113	994
124	898
252	490
127	53
18	124
544	133
440	819
505	233
84	193
75	649
514	0
185	26
186	698
469	74
235	495
147	56
139	128
164	167
880	763
149	316
152	275
184	197
457	275
779	94
301	322
28	558
378	770
5	455
720	489
321	676
369	93
111	90
347	825
803	438
384	84
15	432
697	365
494	501
340	297
969	147
363	308
127	42
77	281
660	621
315	356
420	164
245	346
793	803
340	149
529	112
626	138
849	127
268	265
814	548
289	161
146	506
188	527
371	442
191	27
26	517
305	114
401	84
215	344
445	125
793	435
470	23
419	750
353	563
253	443
485	791
333	232
762	713
442	85
342	71
876	353
576	512
342	23
594	903
505	586
284	733
434	592
295	804
316	494
259	50
833	759
79	192
115	956
257	58
68	446
57	315
11	788
339	459
899	9
273	447
475	2
833	150
270	433
1	685
476	537
527	17
295	268
290	352
279	328
187	168
754	988
245	317
634	844
595	440
516	413
178	265
179	50
730	964
493	161
316	731
26	89
124	108
301	251
175	715
3	387
200	97
319	830
22	801
105	12
104	762
433	235
742	404
420	722
47	664
125	855
573	557
267	127
795	452
346	148
229	693
22	142
23	993
816	59
336	149
180	151
436	139
59	84
25	10
179	473
364	224
549	76
196	524
197	482
893	244
93	84
79	153
33	486
888	169
179	206
722	416
81	316
521	59
152	124
306	258
458	497
865	941
151	606
179	457
1	357
603	229
888	127
188	915
189	457
208	156
28	987
142	797
142	18
133	462
227	461
332	437
39	712
438	326
316	113
120	648
621	981
262	256
821	83
473	8
58	386
416	75
514	162
402	967
489	239
35	431
753	186
609	22
1	775
976	226
485	322
43	804
969	620
521	218
162	689
42	314
178	240
342	336
180	1
11	472
26	737
154	2
839	680
911	189
665	477
17	480
632	548
23	63
162	480
148	333
672	458
18	96
27	315
367	448
195	906
83	312
635	465
84	873
196	189
406	192
215	1
477	230
340	937
102	494
277	64
421	70
913	515
617	70
389	28
113	467
365	223
35	809
649	722
181	467
100	795
356	613
128	793
259	181
337	124
310	741
862	523
287	85
819	94
74	38
2	175
905	93
661	223
113	469
23	26
76	301
587	470
151	461
137	177
429	796
156	840
653	2
161	716
109	272
586	668
465	183
25	695
26	560
695	27
319	143
141	400
148	898
143	999
150	2
512	714
152	472
161	35
425	298
151	124
367	963
470	316
599	311
604	385
532	299
528	200
225	907
218	153
214	126
78	24
574	675
180	416
829	885
651	439
269	859
15	503
182	531
362	142
391	204
132	166
374	425
178	583
392	468
104	386
831	903
96	448
434	832
658	324
475	478
330	244
664	131
512	339
55	417
438	436
60	491
460	87
206	185
241	478
14	629
14	522
761	315
504	49
475	94
391	637
160	867
305	375
892	180
846	751
206	480
35	289
848	760
47	68
764	387
24	212
721	2
866	551
420	345
162	124
275	356
114	23
378	148
824	601
223	55
256	872
809	237
232	181
552	34
367	18
416	89
472	38
134	227
646	474
124	235
597	568
329	147
161	708
465	738
132	22
670	706
353	844
233	561
148	89
953	172
115	463
641	5
8	445
387	677
134	461
474	283
330	185
982	312
628	896
333	113
783	338
317	770
674	125
411	359
474	249
277	479
224	829
620	458
500	338
0	1
169	102
470	916
196	567
688	125
88	135
671	326
146	243
474	153
25	0
850	130
477	489
508	803
41	28
647	501
406	643
206	74
180	378
871	114
206	181
450	102
123	666
22	431
142	326
86	286
581	265
9	383
23	281
51	681
125	86
267	766
408	739
908	350
429	328
994	315
226	799
460	75
310	6
41	717
402	918
405	121
507	456
457	737
406	340
119	991
240	194
401	71
151	87
757	15
553	161
149	322
256	933
916	102
183	135
377	151
887	198
645	258
453	835
39	995
134	89
98	28
435	108
12	843
23	496
38	633
166	186
92	194
435	497
561	209
475	247
276	737
102	267
849	23
323	438
118	993
615	529
477	73
126	22
662	211
992	651
199	810
127	97
891	453
363	526
891	401
93	860
114	500
39	227
166	500
38	17
140	23
88	552
472	18
281	163
474	30
435	96
81	486
491	16
86	318
787	267
0	142
225	458
380	943
60	972
92	121
183	894
460	196
78	197
886	976
56	554
183	640
767	562
401	5
493	687
417	763
293	723
55	479
180	39
125	363
504	110
758	264
106	8
29	452
899	339
550	8
620	438
272	212
517	244
370	113
779	409
390	38
140	2
359	506
681	898
491	21
447	65
342	5
495	614
935	65
259	44
25	235
806	803
92	408
0	527
495	6
521	4
384	817
394	1
398	295
962	675
233	306
121	90
228	8
927	51
518	42
214	30
384	510
0	467
396	89
474	510
324	405
427	251
79	238
24	896
945	366
526	125
663	248
252	2
17	259
810	228
812	308
955	512
298	512
680	430
437	683
926	536
333	317
347	110
113	179
835	175
264	161
128	108
178	268
87	534
278	805
499	624
113	514
124	514
198	953
513	722
154	140
121	217
719	914
384	521
181	0
544	187
189	275
304	76
426	550
350	115
41	386
435	147
436	448
813	129
433	99
535	769
259	517
118	975
853	63
343	493
257	386
55	85
891	126
59	131
164	161
505	645
148	180
175	591
454	617
22	654
23	556
228	24
699	494
564	26
339	125
152	179
629	539
153	47
605	991
448	484
566	567
342	450
22	941
450	5
297	97
275	50
185	344
159	382
232	874
496	262
540	983
336	322
50	357
160	146
346	74
342	79
57	152
294	379
134	606
735	572
244	276
83	192
131	147
77	140
269	480
892	397
328	660
454	754
160	701
457	524
164	525
457	148
14	208
464	23
40	117
24	428
640	957
574	857
115	393
631	109
917	452
42	800
57	467
22	469
309	508
22	398
921	315
284	944
737	152
729	25
808	527
93	131
429	981
714	661
28	532
218	30
379	412
753	783
124	545
87	564
926	290
370	333
463	106
544	540
883	597
6	22
716	469
299	928
4	193
466	777
341	72
406	336
280	686
430	531
80	812
5	249
158	998
440	740
307	137
746	123
634	326
280	49
850	632
883	476
997	23
91	557
362	345
663	889
971	136
474	218
167	345
153	533
664	533
658	579
22	930
74	244
337	534
689	527
207	425
347	361
593	474
769	272
111	408
724	188
23	264
330	0
18	151
656	837
259	662
74	317
19	36
332	421
417	285
629	608
430	810
79	126
286	726
524	87
875	424
264	967
843	437
265	324
99	411
524	152
133	76
589	238
601	506
794	842
830	655
24	537
864	141
409	665
632	165
245	89
620	147
333	50
957	605
603	93
199	680
160	601
225	18
89	958
628	24
389	392
160	235
193	5
229	47
18	448
151	75
897	695
23	510
196	356
255	647
15	37
356	181
652	339
899	425
125	677
534	467
840	208
566	162
828	877
434	980
90	544
663	68
928	424
834	126
604	914
418	604
355	328
264	431
77	149
446	114
982	238
179	545
30	835
181	275
53	42
146	539
606	18
108	225
831	273
131	47
326	274
498	150
74	289
191	670
139	905
305	113
775	416
30	4
206	189
135	413
855	28
399	151
406	485
390	44
132	56
636	568
359	491
215	692
127	63
77	441
437	12
13	565
437	52
424	468
704	526
417	532
198	392
991	239
392	424
264	930
215	370
377	461
345	74
424	532
6	99
472	22
20	214
862	778
345	17
346	513
75	958
720	552
59	369
656	617
356	744
179	355
377	399
269	276
747	913
10	45
436	225
25	440
93	68
710	58
460	152
149	292
113	35
425	955
5	4
732	167
599	195
476	632
474	639
151	315
319	325
801	309
698	329
866	142
580	349
487	192
503	335
0	494
263	300
127	5
517	472
473	107
152	545
347	104
892	1
62	194
902	54
529	628
373	87
119	516
567	185
583	324
189	467
687	269
104	58
348	115
747	549
92	23
291	148
549	154
805	955
431	918
808	566
457	560
18	488
981	565
805	443
24	998
457	50
333	457
477	890
348	857
846	448
121	25
480	808
175	817
27	720
431	390
23	31
288	272
524	26
497	563
500	131
633	167
524	517
485	79
275	911
204	986
164	513
514	564
87	609
527	269
534	915
681	357
700	15
11	399
429	565
893	344
23	77
259	124
152	26
866	134
472	286
169	53
474	175
367	242
185	566
564	893
289	469
0	567
416	1
426	8
625	286
16	94
51	49
149	528
494	439
615	561
458	22
457	898
460	925
185	863
23	72
591	384
200	63
472	215
769	738
517	232
316	238
524	113
254	900
150	81
715	218
895	361
96	242
113	275
781	773
461	89
225	128
348	541
461	148
124	232
320	168
376	879
305	39
48	852
127	140
594	682
419	962
374	820
458	783
30	249
734	726
40	219
603	248
67	410
511	756
206	50
528	251
683	929
736	912
443	755
556	118
226	49
85	418
420	317
241	785
84	446
583	261
996	164
148	196
66	138
633	87
366	0
740	729
26	52
67	475
38	113
25	872
473	726
343	760
230	489
718	444
549	464
769	236
75	525
153	114
164	431
447	754
493	472
956	473
845	432
138	80
153	166
348	327
501	316
900	977
200	7
88	845
113	215
29	777
179	315
557	580
95	285
777	618
584	614
69	890
591	4
325	592
206	0
524	50
124	553
931	32
105	349
628	325
898	113
942	106
768	437
920	767
966	164
375	679
579	638
21	94
126	4
388	505
418	442
237	402
139	871
186	435
582	682
514	22
742	459
58	795
316	556
187	240
555	190
713	201
54	960
855	253
154	439
835	249
87	289
9	122
473	856
750	234
369	114
349	562
474	47
24	25
730	249
131	603
472	457
302	417
63	427
54	217
310	82
850	704
2	588
786	519
536	19
211	18
828	182
685	966
365	9
847	28
450	589
745	203
264	50
519	590
105	723
98	468
23	197
748	429
659	466
438	274
410	241
673	216
81	833
919	630
189	681
330	689
236	24
307	522
768	12
612	755
378	124
163	118
289	996
218	126
427	528
249	715
23	18
176	22
692	196
834	826
524	232
79	7
565	481
69	25
279	157
175	84
22	898
785	262
227	446
53	427
954	800
90	540
634	367
23	622
732	396
56	596
782	151
680	233
511	586
590	293
288	736
211	225
50	232
748	105
472	524
89	75
3	574
315	455
139	108
473	66
609	124
42	470
106	704
911	333
249	266
124	473
388	400
90	14
28	468
938	18
118	255
370	22
872	740
353	679
50	185
57	237
742	117
523	124
661	85
145	72
8	348
986	14
226	838
758	87
448	166
350	8
113	245
166	446
100	104
40	922
877	839
113	517
999	668
28	299
315	613
482	319
63	923
107	125
216	14
93	446
75	44
932	333
809	74
266	193
96	438
113	607
778	451
537	80
761	493
945	623
522	934
759	587
672	139
24	423
186	108
318	278
470	267
142	606
547	242
5	30
909	25
566	152
274	96
632	546
4	68
188	460
226	666
373	743
944	66
276	87
22	124
23	320
72	608
706	728
55	117
740	933
593	93
139	596
905	822
0	402
314	301
611	912
333	275
369	329
87	469
507	20
473	22
187	23
404	774
787	136
530	171
949	24
484	96
968	22
124	564
466	617
587	316
784	584
438	472
456	301
346	525
788	397
425	696
530	702
209	951
113	613
600	943
474	71
124	613
535	80
18	134
34	25
51	799
152	333
43	261
124	381
153	56
154	118
124	654
914	219
641	354
453	382
109	288
23	441
936	82
7	23
102	76
695	709
327	129
605	516
340	238
182	233
72	155
142	461
808	215
922	260
236	112
506	495
263	257
113	685
5	589
389	607
196	808
830	850
219	122
243	627
61	875
543	447
603	153
59	166
25	478
139	619
437	421
365	95
340	63
416	0
336	5
533	639
170	323
114	131
689	26
201	555
981	355
217	818
31	2
148	185
337	188
448	211
457	357
283	802
457	932
23	853
936	433
974	472
527	460
979	152
50	545
26	151
922	95
279	293
288	769
784	21
22	356
162	808
739	588
594	116
125	735
61	602
872	670
42	149
465	34
33	888
897	213
517	17
167	44
139	684
338	93
929	669
470	81
860	369
662	1
354	984
738	27
151	457
508	448
931	387
144	123
338	147
61	98
945	865
626	586
214	641
474	59
564	467
344	337
217	261
932	357
358	212
367	134
613	370
677	807
244	613
761	357
596	630
338	969
469	237
613	181
595	614
476	138
0	11
298	219
702	857
246	288
305	326
113	18
547	436
258	199
323	142
553	513
43	295
829	213
786	794
275	874
264	689
89	22
276	50
75	633
24	124
74	633
709	217
132	93
780	33
901	131
375	634
237	264
21	241
134	44
406	83
423	635
148	76
496	140
194	133
256	94
94	706
799	171
225	435
364	213
604	85
690	24
581	19
472	921
138	636
231	538
44	399
422	15
234	327
545	472
81	916
240	252
375	353
394	345
302	953
475	310
969	783
357	370
25	315
959	24
429	580
124	161
484	508
620	329
153	639
166	331
575	819
171	702
1	458
277	900
265	2
418	719
717	171
446	603
408	462
135	25
20	450
609	237
457	315
163	140
881	632
113	180
124	137
741	16
248	4
86	570
324	261
378	11
87	206
10	432
124	25
149	71
847	300
305	180
56	186
94	440
406	691
124	276
117	190
739	498
21	411
77	536
527	472
570	3
24	645
9	339
114	630
551	134
262	364
472	469
689	276
384	282
149	7
353	227
724	269
591	214
934	216
227	326
23	238
537	236
474	497
323	134
236	535
205	113
11	164
555	847
155	121
726	548
781	523
152	654
344	113
175	453
38	649
370	874
74	373
390	649
429	50
68	889
457	921
152	761
845	335
845	592
17	189
260	762
147	793
917	774
28	763
630	329
107	570
637	72
69	465
315	401
416	396
137	622
459	9
453	84
457	259
646	603
913	92
155	608
882	221
417	392
213	752
633	317
365	512
743	35
374	571
338	139
997	177
22	330
221	160
926	145
435	309
490	320
220	723
626	812
402	996
66	426
796	815
647	23
838	774
554	147
415	477
152	375
744	124
627	307
44	732
642	657
24	141
179	654
883	655
259	968
159	889
380	72
128	56
24	113
121	658
124	941
607	886
401	126
105	557
252	295
125	813
438	227
872	60
839	828
477	239
244	275
545	113
0	67
499	418
789	577
523	444
649	89
326	797
125	473
794	190
473	130
200	954
956	526
576	195
847	201
682	827
57	269
444	263
309	458
909	428
420	399
194	252
921	124
416	134
20	218
780	81
357	315
20	691
834	322
283	4
132	664
333	181
132	448
289	685
402	22
6	82
892	142
965	648
438	375
76	678
71	282
251	26
71	83
549	2
81	97
651	154
89	685
329	331
584	334
154	496
10	667
480	330
962	764
239	45
0	7
481	372
420	775
108	166
145	216
732	75
2	913
182	668
82	495
568	690
64	895
34	27
60	670
195	697
296	843
975	678
397	782
209	112
101	239
455	836
275	517
457	22
247	21
163	731
438	671
298	961
238	507
75	148
179	974
266	5
895	914
436	672
124	672
358	182
874	911
365	459
646	639
907	114
840	673
550	327
727	673
206	330
23	315
169	124
291	794
721	92
22	994
776	124
390	967
493	152
937	507
403	739
432	88
201	786
278	696
457	356
64	869
555	786
59	822
168	804
222	51
467	124
916	316
564	344
25	268
404	110
108	113
517	124
654	333
869	442
380	208
937	297
267	7
185	269
60	752
132	186
316	888
692	188
56	338
315	134
148	188
186	662
242	508
2	169
242	679
669	447
285	376
336	238
337	215
345	11
462	2
204	208
82	478
950	262
315	681
564	185
301	176
19	135
534	22
3	234
9	599
387	612
681	259
489	27
715	266
315	493
22	945
420	782
238	322
682	988
448	22
301	169
161	918
21	584
206	859
74	402
517	22
83	456
324	23
128	309
102	154
124	685
113	5
0	394
529	810
11	151
151	22
585	789
189	179
401	455
402	87
757	37
429	12
51	598
813	473
431	687
337	808
170	438
121	62
479	442
865	682
409	16
683	91
237	289
491	595
431	480
37	980
16	6
783	108
11	420
27	841
22	689
194	678
24	839
762	590
112	246
22	152
51	884
236	690
23	150
2	92
181	337
282	691
626	165
118	252
300	481
87	22
22	733
511	233
867	581
703	692
480	527
112	736
330	737
563	508
564	493
22	1
715	384
59	693
657	36
867	247
89	317
908	327
178	62
2	439
124	731
239	502
116	903
577	617
56	907
601	177
28	351
259	460
142	113
403	154
124	1
45	230
691	982
305	438
756	503
241	614
534	113
594	321
572	426
421	617
268	261
543	903
361	710
18	39
367	876
111	97
436	484
740	779
270	241
136	150
614	82
509	90
54	14
2	992
108	940
593	159
996	17
567	215
934	749
756	586
359	21
12	573
927	49
958	399
148	17
668	680
72	902
648	457
237	460
771	230
57	0
560	113
400	503
567	189
305	671
486	169
297	888
239	135
323	634
448	948
330	188
22	478
0	493
242	806
313	100
124	560
600	155
271	22
48	515
626	636
107	32
131	446
150	658
633	346
859	460
159	218
208	902
921	113
360	318
559	576
216	986
740	334
665	334
554	520
834	589
600	19
725	25
820	171
595	25
265	939
514	344
181	524
152	259
877	738
388	586
959	141
111	187
124	867
323	39
24	771
323	578
373	431
520	147
79	77
415	924
801	108
492	666
335	141
281	124
346	390
227	995
334	235
457	994
334	409
189	472
108	56
261	405
650	621
185	196
937	314
159	603
831	70
677	3
792	757
17	553
501	833
461	606
748	580
323	712
485	5
907	497
676	754
125	64
279	571
638	622
276	337
24	191
752	728
708	716
851	709
712	367
762	774
23	456
453	715
250	111
6	614
545	315
546	288
753	435
177	243
731	136
588	92
428	197
3	735
570	443
437	328
1	23
96	547
806	147
93	139
737	493
152	874
83	59
894	738
47	159
467	269
201	190
944	733
414	90
25	740
424	887
100	713
185	333
118	494
977	719
925	17
779	575
109	476
895	719
373	164
0	153
24	668
729	45
535	112
422	184
605	119
69	27
22	681
545	22
464	92
25	601
383	125
854	667
540	721
269	17
414	913
430	615
665	16
87	39
232	189
232	467
279	412
323	227
86	962
354	4
160	882
102	2
349	723
148	545
63	22
720	511
74	164
87	148
690	473
514	724
752	25
73	725
163	316
79	322
0	83
334	224
315	89
4	63
303	155
765	153
514	915
196	244
167	513
529	24
579	204
416	420
55	311
194	295
824	36
606	11
997	727
390	743
25	6
354	20
551	170
641	455
874	189
709	25
752	933
114	765
853	42
215	724
335	423
802	401
912	568
156	216
700	24
545	681
991	73
63	800
96	436
619	905
162	527
486	149
734	8
587	102
4	593
788	180
809	87
722	74
0	732
1	732
830	998
374	41
342	81
8	381
677	612
524	188
334	440
713	368
222	280
306	645
215	244
405	62
270	784
784	491
315	215
798	304
841	25
51	492
356	0
681	356
370	148
277	385
148	654
775	317
603	126
426	205
348	106
582	837
725	109
631	704
620	846
449	104
306	209
0	176
514	181
610	138
57	161
135	644
917	717
132	47
477	60
1	525
25	82
906	652
143	432
401	354
875	624
76	739
94	665
427	97
398	43
587	498
124	275
443	86
520	329
384	266
28	569
280	648
237	87
162	567
948	436
439	77
21	741
221	16
457	514
438	353
477	69
676	466
738	325
373	35
649	167
904	906
333	893
672	309
20	5
102	684
461	245
94	910
968	356
26	357
245	142
457	744
174	341
461	317
650	294
333	517
492	746
67	21
96	227
852	627
333	134
51	110
315	968
322	982
192	401
514	189
158	814
695	670
772	530
75	0
931	3
717	746
314	97
478	235
975	163
121	216
803	484
113	460
467	22
74	75
198	879
496	651
133	2
356	124
624	686
114	132
54	943
242	186
334	475
359	241
292	721
730	453
724	22
451	519
368	778
859	276
0	761
38	722
27	241
574	278
484	751
226	820
830	734
136	33
225	751
801	554
232	26
148	776
875	987
83	691
737	124
597	537
54	121
575	740
115	445
152	315
26	229
846	436
271	611
281	316
238	834
165	476
167	420
697	904
499	254
167	525
652	98
366	754
296	767
47	175
894	465
598	120
363	129
127	486
450	322
183	415
524	333
68	30
682	395
220	293
912	535
957	10
684	81
474	114
3	961
174	307
346	732
22	90
103	372
164	38
18	323
279	920
196	534
16	21
319	959
297	200
613	524
312	176
297	83
88	700
148	317
323	89
214	84
976	571
358	271
219	661
289	22
623	935
942	66
432	878
330	467
930	469
472	124
473	541
1	578
677	101
748	815
795	762
171	886
222	772
740	6
71	238
742	442
113	493
428	422
179	356
7	849
20	336
302	772
855	652
24	505
973	836
493	142
76	441
87	689
692	276
695	423
479	98
473	550
274	353
564	215
725	197
567	514
825	190
299	371
253	3
301	81
23	766
575	741
314	834
200	2
627	72
493	148
130	814
315	323
462	989
645	668
726	158
361	257
660	296
398	983
370	26
506	581
105	768
623	524
57	124
287	298
143	141
292	462
371	977
202	316
475	16
324	178
612	318
118	304
461	96
229	639
793	96
378	22
633	649
206	162
802	84
324	204
638	637
493	457
858	305
1	367
50	189
736	535
846	309
315	472
167	22
703	244
670	475
724	276
560	185
659	0
379	103
626	24
127	759
980	592
449	41
371	376
454	988
156	231
165	610
211	242
913	23
781	842
775	179
244	567
671	679
455	973
689	188
71	691
408	140
179	527
326	353
455	126
423	605
457	613
499	742
118	653
113	75
516	10
67	82
24	909
67	584
620	497
200	169
555	257
467	357
509	240
122	778
285	624
582	65
521	382
143	668
681	113
264	0
160	581
625	66
670	972
304	498
814	129
813	210
296	796
518	316
776	737
876	995
328	300
330	333
886	825
338	554
296	349
159	693
357	181
966	402
1	633
316	643
44	649
251	316
671	142
681	737
88	605
338	108
139	630
634	305
646	229
932	654
489	25
219	576
317	788
317	394
322	589
140	63
913	133
955	195
294	745
451	444
393	3
122	674
581	600
248	153
329	679
431	87
585	447
516	183
166	698
179	196
851	73
29	543
502	119
323	1
23	684
7	427
373	26
237	74
888	202
720	878
23	540
458	166
919	93
430	173
435	128
897	27
709	477
83	336
613	50
691	126
48	637
166	329
720	15
709	841
177	155
38	89
399	362
692	460
62	2
711	794
221	495
901	369
509	721
2	118
419	253
619	436
737	113
545	344
479	686
113	185
189	560
981	723
714	195
932	472
259	26
662	96
269	0
275	613
535	271
297	149
84	23
494	150
14	934
949	895
588	77
666	965
836	342
198	172
85	124
81	42
114	901
706	213
613	493
992	140
507	312
115	908
116	796
903	754
122	946
113	11
327	125
493	262
458	124
204	121
644	413
493	921
162	185
169	97
170	797
324	579
588	798
132	369
818	90
3	443
896	422
22	613
175	510
465	990
604	122
578	367
374	799
61	404
287	576
372	623
227	317
467	152
681	215
343	392
524	124
516	502
330	196
473	205
620	662
265	583
758	35
225	484
364	779
948	435
16	99
360	884
53	322
290	146
179	524
47	248
948	803
128	508
750	735
267	316
180	963
272	611
635	325
677	253
398	252
25	410
406	450
419	286
63	316
384	214
285	61
185	232
448	274
206	527
850	363
704	115
515	707
107	419
206	11
472	654
155	48
90	913
343	623
547	448
398	0
376	61
470	22
11	56
543	777
89	259
87	179
826	83
609	687
100	978
413	10
370	560
24	947
942	541
5	0
333	215
708	469
58	825
527	57
333	17
566	215
237	790
288	258
891	5
796	22
637	579
24	912
242	436
977	40
361	811
474	375
553	148
546	561
62	490
819	740
510	30
186	128
502	592
460	823
469	57
625	350
473	350
1	17
626	80
213	60
738	24
23	462
24	952
24	881
344	244
988	777
148	356
19	433
370	654
414	515
489	119
987	98
751	211
395	941
665	224
333	206
74	362
315	185
938	985
229	664
160	642
609	469
711	838
473	129
663	474
821	868
70	669
148	108
114	619
457	26
92	292
806	563
900	371
712	18
654	259
447	618
247	270
797	671
38	1
165	998
700	25
110	417
377	606
122	385
927	772
30	266
493	124
22	542
136	76
517	50
89	788
811	795
106	473
493	179
324	62
203	103
126	817
516	854
26	109
954	821
741	475
136	498
446	940
233	645
154	441
242	448
206	790
275	179
124	708
578	134
714	85
329	338
503	511
215	514
264	1
266	664
48	174
811	386
406	79
168	265
824	657
558	763
644	25
762	190
99	478
540	121
115	550
229	68
30	715
289	164
309	436
725	415
771	25
192	836
383	906
174	72
439	23
300	705
463	473
142	377
826	485
260	773
561	616
566	527
357	215
288	24
325	422
613	152
590	718
817	20
23	316
37	618
958	394
50	87
475	6
790	930
665	99
120	492
177	48
215	26
669	843
221	601
73	239
256	706
572	942
759	766
522	627
37	422
438	211
544	23
329	458
71	336
493	23
68	131
455	984
442	64
787	647
23	5
628	78
472	333
23	398
403	798
590	848
274	634
747	721
681	26
465	771
127	113
27	119
158	850
564	472
564	22
554	59
460	162
816	132
166	663
989	540
97	340
87	161
309	96
551	227
218	510
179	124
787	163
126	836
114	483
798	23
649	1
809	44
810	24
0	109
106	24
563	448
899	24
202	971
52	585
273	656
136	163
83	97
113	472
344	357
89	39
146	538
233	839
23	450
667	413
136	255
475	433
4	765
638	840
0	874
804	983
346	1
560	179
60	124
316	292
855	661
138	830
258	631
829	910
432	27
648	144
697	311
187	747
607	928
628	197
572	212
371	61
566	22
22	737
260	542
944	125
573	843
208	391
237	925
324	217
317	323
326	367
333	356
440	6
760	355
999	182
166	474
479	418
142	180
461	75
487	873
861	239
366	694
560	467
102	731
566	189
663	593
64	479
693	603
372	291
701	19
89	394
619	500
406	301
577	865
285	64
768	296
385	219
201	862
188	26
58	917
654	517
439	292
151	866
80	546
0	150
244	124
56	816
406	5
87	420
542	103
159	474
493	681
273	12
798	494
40	64
864	143
141	756
865	617
337	244
473	626
27	991
557	332
786	291
179	161
24	812
174	852
791	5
860	446
337	185
133	187
289	758
124	761
202	787
683	669
681	457
691	826
118	853
34	854
24	734
550	348
632	998
428	896
588	23
827	543
457	467
611	597
255	494
559	955
560	244
276	185
0	536
282	336
445	856
97	192
742	64
54	324
959	400
816	93
17	113
80	883
473	348
124	188
181	244
125	857
905	446
464	140
189	337
671	858
692	189
965	46
871	596
205	286
451	203
71	973
127	83
780	304
980	413
134	788
282	20
58	978
177	926
574	148
128	436
335	896
68	860
132	446
972	728
438	309
373	685
501	251
399	633
299	887
122	459
279	745
635	640
356	259
125	961
821	314
833	587
500	147
57	863
135	99
396	345
692	863
191	709
703	330
719	949
325	845
151	770
738	15
145	936
364	740
359	94
85	559
377	317
803	563
656	935
727	303
716	809
611	24
982	301
708	930
929	421
790	687
305	274
610	632
406	868
63	5
168	818
44	837
729	829
731	971
322	312
849	42
102	316
69	709
629	341
457	124
162	113
727	48
377	134
474	84
44	685
85	219
664	693
741	495
162	189
422	27
336	126
388	870
241	665
597	271
234	8
101	287
113	567
951	810
474	382
25	409
26	874
22	753
106	625
912	236
145	174
178	121
738	422
181	915
373	237
569	602
270	99
388	668
474	521
406	282
113	181
453	964
538	160
737	315
706	25
476	655
243	701
218	5
10	605
625	473
99	741
28	392
0	162
20	248
107	574
163	304
926	48
397	317
331	619
473	23
76	23
578	876
858	438
47	889
639	159
938	866
306	141
567	534
130	726
445	327
595	575
309	620
125	207
173	112
775	89
206	344
488	180
883	112
62	240
27	728
76	494
43	178
832	25
589	79
181	460
227	634
793	211
21	409
88	413
226	449
391	622
22	155
15	428
206	493
113	59
109	951
178	405
406	589
472	467
473	881
45	119
139	753
52	789
662	375
615	212
247	22
59	453
607	351
119	10
651	77
877	680
681	50
698	128
685	264
466	577
823	162
397	1
829	262
776	315
410	614
844	134
84	715
397	378
440	247
180	461
99	885
358	112
741	160
738	792
604	977
520	166
249	214
498	202
657	6
469	161
386	710
854	423
797	858
47	533
866	377
785	73
80	690
875	887
0	613
901	483
935	694
310	824
179	215
109	358
81	888
394	420
282	342
874	893
879	928
142	938
1	170
780	163
90	707
158	129
851	191
417	28
23	54
344	567
234	205
873	817
113	276
148	681
331	139
816	446
249	453
50	703
339	3
301	868
885	595
609	57
344	915
284	541
553	74
608	622
292	111
656	682
918	17
685	22
518	833
232	893
621	745
858	578
757	628
448	672
26	189
344	493
131	148
438	11
820	449
251	127
295	62
571	530
946	895
698	96
909	896
809	264
817	283
425	688
759	916
196	57
425	471
24	125
655	537
284	764
159	266
808	269
809	402
26	333
322	821
151	89
956	856
387	207
75	396
79	5
268	320
24	870
17	373
316	53
31	403
393	284
906	899
688	130
674	962
152	189
932	113
950	69
863	189
315	188
150	647
7	251
449	347
923	314
132	4
420	396
822	114
488	551
593	248
412	718
223	385
388	141
64	48
394	124
354	487
315	370
908	101
112	228
142	75
733	426
806	211
427	81
815	565
687	206
688	101
794	862
996	346
370	457
708	35
121	265
318	443
127	297
131	905
132	905
433	6
321	315
562	294
293	105
613	517
5	375
259	524
527	124
234	473
131	128
925	269
834	336
1	782
809	918
801	907
708	809
289	44
244	0
8	908
671	634
637	54
538	539
124	967
351	51
342	83
863	22
189	469
946	85
71	84
438	948
524	0
14	72
460	206
193	22
133	405
187	303
25	910
147	108
598	504
113	911
651	111
696	674
291	124
289	966
602	389
568	631
743	609
613	357
235	82
885	224
630	871
275	344
534	863
218	47
287	899
534	26
462	496
516	88
11	134
468	879
714	223
27	256
677	942
25	213
352	48
758	17
123	226
151	712
507	834
840	216
76	464
232	18
740	950
450	71
106	113
180	0
643	7
172	351
22	125
763	468
1	333
744	22
229	93
911	232
568	236
26	244
808	460
102	33
93	646
460	57
25	819
865	623
24	631
806	448
921	0
95	98
411	25
967	87
207	32
251	297
749	231
13	815
705	481
271	546
425	86
782	89
933	477
919	619
264	716
220	421
373	390
436	458
795	105
890	25
155	522
825	917
443	677
777	682
835	47
135	230
346	89
188	808
229	474
937	149
14	627
215	185
178	217
251	923
235	19
200	470
63	982
37	24
73	720
46	41
826	20
398	268
180	399
609	460
414	540
26	859
943	23
116	321
410	247
389	424
23	992
980	24
433	82
47	860
441	2
198	569
196	689
682	659
158	106
108	309
586	870
703	189
736	24
2	515
861	69
183	45
315	974
317	180
112	109
822	446
447	929
840	986
269	457
166	147
927	123
470	102
678	118
357	259
914	949
381	350
73	230
171	711
57	276
480	687
540	707
732	345
912	184
25	183
443	931
971	118
741	67
75	722
75	685
87	166
89	180
91	573
93	619
6	247
517	681
108	47
765	860
137	14
881	956
139	446
107	117
118	267
92	441
415	230
237	113
629	727
239	725
131	630
281	975
99	67
837	827
285	922
377	89
88	184
829	16
727	352
108	448
391	216
896	503
238	176
896	400
669	91
396	346
613	545
252	707
202	150
220	273
821	297
898	179
75	553
72	177
460	142
180	563
432	184
930	0
134	113
307	673
23	261
133	747
358	611
236	636
650	361
317	22
20	175
953	351
714	125
350	572
329	783
483	940
123	172
137	380
815	659
476	550
203	372
28	602
83	450
763	222
374	838
126	266
462	441
743	469
173	616
127	301
442	277
354	193
631	125
600	303
639	369
23	208
290	495
232	215
638	216
229	131
5	984
900	468
97	684
246	947
32	570
56	620
682	279
781	257
209	143
659	945
953	144
264	57
298	207
255	518
638	14
599	125
770	420
898	737
173	947
573	837
547	89
718	542
22	549
111	133
212	947
17	22
738	434
233	959
692	534
649	420
553	390
259	196
221	235
837	789
587	518
654	524
640	990
161	38
80	881
438	75
22	460
23	678
881	8
25	950
26	613
213	740
399	1
45	489
641	193
667	25
51	28
427	200
476	690
192	20
24	173
114	940
836	487
963	227
424	299
4	266
20	342
51	123
349	748
391	240
117	383
664	646
840	146
362	378
295	490
11	125
281	304
399	245
292	739
297	954
21	25
38	276
29	594
644	230
17	461
24	769
599	955
474	664
870	531
251	486
550	908
563	96
880	965
349	565
920	865
15	909
276	232
980	957
756	959
712	124
624	987
312	589
315	22
147	225
345	958
346	289
357	356
759	102
184	15
169	643
186	907
158	734
921	179
951	631
439	739
189	215
473	526
114	22
3	764
397	377
924	230
708	390
313	449
325	792
674	961
676	104
19	48
145	155
307	23
234	426
778	842
96	147
687	527
148	938
475	99
185	467
315	232
313	190
539	6
576	899
288	947
323	963
18	963
283	593
494	252
60	27
820	492
510	4
498	118
799	820
923	486
27	529
859	215
74	179
415	27
310	241
460	480
305	170
831	988
316	766
317	782
994	472
909	400
351	222
194	23
866	461
467	681
758	469
684	312
472	181
661	365
795	407
185	514
679	448
107	284
457	968
128	458
244	467
139	969
472	681
4	474
35	790
907	783
484	846
785	709
131	153
142	227
695	60
169	81
5	84
915	189
275	232
31	250
54	818
316	340
549	77
39	134
414	707
375	96
802	730
911	457
818	62
545	493
933	972
432	552
170	488
131	214
110	711
15	24
302	927
454	594
418	742
527	859
898	974
694	941
22	939
188	566
293	332
921	974
549	403
776	113
869	277
192	691
4	382
95	607
939	178
237	687
609	148
76	498
870	143
469	431
113	918
646	131
296	565
708	87
309	242
781	313
768	621
244	911
274	18
908	130
163	494
919	596
480	859
84	817
354	126
924	239
673	522
610	473
244	979
364	575
8	22
276	22
264	743
474	20
284	66
922	277
529	358
654	0
932	0
987	376
25	785
252	133
887	953
84	730
473	165
738	184
818	268
46	51
737	472
123	49
414	464
204	265
155	146
40	385
469	26
669	585
384	730
907	147
524	315
75	161
916	267
163	31
337	196
312	406
126	984
687	26
349	293
841	673
1	259
196	124
467	344
124	637
115	733
20	591
420	113
905	500
18	11
148	225
243	495
86	805
364	73
295	168
775	461
202	267
124	269
234	626
102	23
718	519
445	106
341	145
936	221
264	44
197	27
415	10
931	107
513	44
978	407
133	989
59	891
231	174
84	891
161	687
140	989
405	939
735	951
144	880
118	81
23	146
545	26
496	250
854	119
0	472
24	999
511	959
76	77
823	692
243	290
603	132
457	196
995	963
472	925
97	643
185	692
501	766
493	333
183	184
113	189
87	196
80	473
588	140
38	245
438	134
911	356
914	742
921	994
922	602
991	25
419	101
809	930
126	84
84	20
459	648
826	641
722	17
533	266
583	121
966	996
35	402
872	69
323	367
305	124
846	458
33	53
183	73
27	819
476	80
309	329
425	9
986	54
318	286
91	767
272	529
536	155
697	219
149	200
236	476
444	190
724	692
76	699
242	1
617	777
73	25
167	74
585	618
