286	944
166	765
370	0
390	264
922	442
169	267
234	704
901	166
74	87
791	826
28	875
17	609
445	234
94	334
62	414
822	93
794	201
179	23
4	964
672	96
453	4
214	401
487	5
148	524
136	780
835	20
281	136
89	345
18	892
478	6
308	655
165	308
7	923
5	175
436	108
168	414
852	934
1	345
2	408
73	832
148	823
353	448
505	531
11	17
82	475
760	379
431	685
644	10
3	101
249	510
648	49
0	17
164	17
518	169
27	595
455	282
663	664
390	809
180	18
0	18
131	139
583	960
462	140
4	889
286	942
128	329
77	2
755	944
183	980
190	100
477	25
420	1
92	721
4	20
5	354
11	461
282	126
633	18
69	489
375	547
309	484
1	11
122	946
942	393
260	530
192	84
10	423
938	11
179	17
244	823
0	22
1	326
17	124
18	461
759	316
200	643
403	23
990	894
2	23
118	316
22	921
706	933
383	287
913	707
75	457
969	186
866	11
65	656
1	148
655	636
60	25
24	561
515	23
496	154
126	487
823	22
420	151
24	680
230	239
0	26
67	241
182	810
952	998
59	139
25	27
26	131
4	0
396	167
390	289
173	109
277	376
19	824
28	953
27	890
180	11
14	156
692	330
551	18
911	472
653	77
24	473
882	19
435	458
176	251
308	636
26	761
395	656
208	622
967	35
749	307
440	665
356	206
202	102
181	50
601	642
0	275
343	582
125	115
287	125
842	263
87	75
32	807
7	486
11	551
17	431
277	285
23	33
138	24
290	177
119	832
548	24
170	578
758	685
667	34
87	264
278	570
961	807
211	315
191	179
941	366
935	467
491	60
990	635
626	568
533	593
318	735
936	6
88	423
871	93
127	528
529	288
36	235
22	440
326	844
239	415
114	139
437	52
0	96
71	340
681	87
31	163
5	836
0	38
568	24
33	470
75	420
513	38
231	145
1	39
4	817
675	764
187	62
262	695
996	743
189	259
193	20
112	288
474	248
774	886
743	402
298	599
494	2
473	271
117	122
120	666
133	540
33	42
5	453
488	134
22	524
269	50
17	469
38	167
343	395
1	461
2	496
124	76
415	135
208	579
17	44
553	44
50	188
88	434
83	455
19	146
422	197
682	920
902	324
24	845
141	319
161	685
270	6
28	624
18	89
332	12
23	295
424	222
143	757
22	326
616	24
198	532
328	760
22	337
69	239
385	311
827	659
142	124
513	18
360	207
23	721
855	122
851	25
81	518
584	99
828	24
426	750
551	712
566	823
693	639
678	316
125	381
930	609
0	50
167	245
633	732
250	77
27	841
22	50
26	50
995	1
700	34
18	377
746	711
174	303
776	472
649	396
148	222
71	192
0	875
0	87
229	860
259	472
611	535
1	89
5	591
989	2
833	916
22	11
728	950
378	399
290	19
11	96
326	375
688	857
34	845
22	375
509	23
39	96
866	39
50	356
358	736
315	161
472	613
179	469
703	269
453	126
296	723
932	148
633	396
189	148
167	18
74	151
514	188
98	742
962	125
567	26
436	435
496	439
22	493
583	23
358	597
750	101
179	26
608	243
722	44
641	79
22	39
74	685
374	717
551	39
47	59
44	74
471	117
964	817
20	453
269	22
137	72
258	24
291	103
21	475
457	125
123	880
26	269
41	492
81	20
221	642
112	611
877	306
616	143
26	113
549	31
351	302
807	125
35	390
259	0
866	1
458	147
208	352
23	202
439	154
22	357
511	258
403	2
299	772
566	567
585	91
248	59
312	7
268	983
408	439
108	22
152	11
922	987
312	868
178	23
421	91
9	101
39	448
624	64
736	597
776	50
222	417
0	23
551	0
910	728
232	206
315	180
246	24
20	71
24	129
88	720
470	556
44	420
268	194
737	50
322	126
45	924
972	752
140	439
144	927
491	614
109	271
18	866
194	515
943	638
852	145
311	459
412	203
5	71
316	150
729	60
341	926
306	24
217	939
467	26
208	943
593	47
784	99
282	5
721	707
818	398
72	216
232	0
443	807
8	158
439	403
148	23
112	24
784	614
253	387
50	493
79	314
74	57
898	0
17	74
56	520
52	831
561	109
199	24
774	22
40	895
729	27
69	60
35	469
562	580
153	84
370	356
489	73
68	132
438	225
783	186
609	35
18	75
536	608
347	978
446	59
17	685
291	519
878	792
612	3
345	75
993	255
837	920
270	475
708	685
314	312
707	133
395	65
826	336
182	877
921	50
430	947
505	999
538	600
238	149
473	419
900	125
552	25
454	543
507	79
67	270
87	1
11	124
48	303
23	81
319	15
392	558
23	304
473	286
25	364
374	226
657	82
472	898
330	50
35	918
5	83
23	518
18	50
231	216
96	508
371	418
730	266
57	808
54	622
211	620
42	63
13	157
23	268
24	319
604	311
730	175
828	680
886	104
748	723
169	23
24	430
566	330
683	421
422	78
148	472
22	189
493	654
311	85
433	359
26	87
17	215
697	223
117	946
23	983
24	726
25	88
26	206
27	670
757	78
960	265
44	89
54	579
28	879
2	53
859	57
33	81
113	206
241	411
377	11
137	852
166	919
952	655
553	89
508	458
44	390
566	26
11	305
998	130
391	121
79	487
196	315
817	715
0	185
38	416
462	92
899	512
23	975
188	808
99	495
22	333
23	149
613	333
238	83
26	356
281	2
75	399
316	787
284	286
415	73
441	408
651	2
634	858
206	57
800	127
255	150
206	566
295	90
726	704
839	258
721	133
674	3
27	334
394	75
390	164
405	268
159	664
212	271
23	11
380	231
972	25
26	124
861	27
827	945
254	98
710	978
59	114
63	53
561	388
544	653
129	830
354	455
732	89
318	674
701	36
344	337
706	829
121	133
17	460
401	973
913	111
121	324
69	851
452	773
193	79
484	497
431	74
802	453
309	170
17	525
278	425
20	384
773	811
118	731
448	305
265	23
100	781
556	267
124	100
149	251
940	93
111	747
272	24
1	227
316	97
24	348
138	998
698	225
978	257
289	402
259	22
891	192
974	493
765	93
485	238
476	308
314	127
315	744
650	718
234	66
90	136
426	541
650	103
1	134
464	588
738	88
371	61
975	494
39	606
742	922
696	884
101	962
352	174
478	433
59	108
878	738
108	446
227	18
148	232
251	53
538	581
1	378
314	923
7	53
25	262
743	289
258	246
20	873
54	137
23	653
210	548
25	334
52	91
230	27
23	111
436	563
107	572
23	108
656	694
434	197
568	228
109	912
877	24
508	139
461	472
265	204
686	875
23	124
326	323
245	782
971	255
22	113
469	859
720	434
146	25
579	121
731	23
26	692
958	151
26	915
69	670
955	148
336	401
169	33
124	25
224	94
404	226
4	715
473	115
237	930
676	116
229	84
491	94
483	68
0	623
990	667
95	875
526	881
329	56
113	724
965	51
530	838
252	62
82	99
375	458
76	140
739	77
408	154
110	120
113	188
142	317
69	191
247	82
62	0
411	270
51	124
5	126
778	847
904	576
89	17
96	679
953	772
416	633
357	0
481	862
230	25
487	4
24	850
56	131
48	997
939	121
233	870
365	122
92	22
17	162
853	267
315	26
470	853
433	601
37	845
618	273
838	717
429	157
892	488
0	147
859	87
88	592
84	591
878	552
502	605
113	124
119	73
358	535
305	844
893	0
849	149
121	960
267	33
42	501
107	101
473	327
741	433
619	329
817	30
623	941
633	970
132	500
320	405
938	1
545	333
518	102
309	751
23	22
68	114
101	735
507	322
125	387
331	128
427	127
679	305
59	603
977	471
549	23
24	951
25	224
125	106
787	556
124	185
98	900
126	192
95	61
146	882
513	17
640	27
0	724
84	266
860	131
567	232
11	970
583	261
967	17
282	487
232	370
569	299
544	2
4	401
240	804
289	431
753	59
22	74
155	19
458	751
226	110
22	26
27	135
947	258
382	175
39	375
812	165
50	124
512	9
59	619
119	135
450	821
124	716
367	170
168	490
92	544
356	467
57	493
17	390
22	264
23	136
515	721
629	72
111	739
627	137
167	17
362	245
23	699
319	400
25	779
244	915
229	4
966	38
26	18
702	41
152	457
92	651
840	934
320	261
917	171
215	206
66	419
59	940
985	606
676	594
255	202
115	327
75	402
521	715
119	230
869	254
303	72
94	409
749	14
275	259
50	472
319	870
52	929
185	457
505	430
378	317
23	501
869	479
18	170
858	326
529	212
281	118
320	43
210	158
129	726
71	126
23	250
652	559
108	331
905	108
186	309
210	952
22	131
571	886
808	689
527	50
202	136
143	24
356	893
685	35
715	283
124	164
108	753
72	48
57	26
78	319
82	359
353	662
644	991
496	92
497	225
608	303
23	737
249	384
23	25
101	857
101	125
127	81
134	712
215	148
0	148
1	44
286	125
678	281
33	63
394	788
472	1
305	124
765	47
0	289
83	589
102	150
125	419
439	111
133	509
315	124
625	348
63	97
592	738
211	547
569	468
124	180
753	147
329	139
608	177
337	152
57	181
848	203
637	168
696	125
356	152
472	560
367	1
103	412
44	317
50	534
14	22
68	153
658	54
851	752
22	181
23	154
80	24
239	25
237	26
25	15
15	143
781	713
642	506
81	63
817	249
553	164
898	776
493	1
20	730
43	90
739	23
516	957
24	610
988	116
578	634
729	725
153	59
573	220
408	23
167	26
145	303
110	41
124	681
551	142
139	520
419	572
473	952
83	126
229	159
22	527
25	575
608	48
50	654
491	334
403	281
847	313
23	405
89	179
90	23
418	122
740	706
675	101
390	161
897	950
337	50
148	113
673	749
89	161
340	251
84	79
227	876
255	699
183	635
50	57
933	27
675	3
137	156
595	224
23	163
635	34
402	716
837	659
461	551
168	43
152	514
317	167
578	844
289	809
89	633
795	386
36	160
138	165
276	188
140	739
152	151
331	630
816	166
114	166
23	391
178	398
630	166
283	71
260	46
899	904
181	196
443	961
142	438
67	310
98	285
416	151
450	238
986	943
647	498
515	133
194	168
876	134
23	50
206	689
251	684
8	125
951	199
403	441
2	292
936	310
108	329
480	26
505	319
474	83
227	170
401	641
563	679
488	606
88	24
846	309
22	27
87	151
612	570
648	123
256	60
74	513
389	879
970	89
898	315
31	699
693	248
880	51
57	259
964	510
650	379
179	127
43	62
725	45
289	17
309	338
36	475
97	83
32	612
111	544
304	136
189	185
4	175
0	911
227	11
562	293
897	25
97	849
126	641
700	434
33	518
497	329
890	729
507	176
124	431
647	494
506	99
23	82
413	894
456	297
949	40
125	612
749	137
56	166
816	131
94	27
175	964
0	124
202	118
44	164
155	926
22	232
472	179
412	355
159	132
114	229
790	57
39	170
167	89
569	532
947	615
186	139
333	357
177	727
124	181
675	125
93	153
92	111
152	181
148	181
143	182
442	117
678	154
39	963
422	628
87	467
277	95
149	456
326	170
223	604
331	554
148	22
73	890
414	187
17	75
78	184
34	434
131	218
473	381
96	225
136	494
210	130
539	581
368	313
338	331
22	185
509	252
786	444
292	496
884	278
26	147
11	315
290	538
78	738
312	81
194	187
756	182
369	483
722	167
78	15
649	22
618	789
152	357
809	161
202	163
435	338
874	356
682	837
181	188
909	325
464	441
87	525
453	384
565	105
149	79
788	151
591	401
488	142
386	407
280	110
917	226
805	425
135	124
166	619
124	167
416	18
179	333
628	15
604	219
0	35
361	58
20	126
480	181
901	93
478	614
159	114
400	756
179	911
181	564
188	189
559	906
595	740
116	594
89	525
69	841
791	71
921	148
777	577
947	199
232	179
129	476
109	212
50	152
605	854
609	161
719	117
970	167
460	179
305	472
457	761
660	429
127	149
132	59
623	694
162	196
64	418
763	928
246	951
59	500
704	956
77	494
255	498
334	16
95	64
630	446
650	745
223	85
186	225
28	198
469	44
392	198
37	552
677	318
805	125
387	107
27	224
207	574
541	234
53	200
969	329
482	15
601	475
636	626
696	86
523	842
234	106
969	108
698	331
598	666
246	615
205	733
63	83
87	716
528	97
274	797
652	383
132	919
853	53
274	858
276	460
901	59
113	152
240	90
427	297
921	524
943	216
520	331
0	473
165	24
481	263
681	0
545	0
564	232
81	7
11	39
552	24
89	164
602	98
455	192
179	1
668	141
22	394
113	457
124	932
125	426
726	210
985	461
93	0
98	371
767	573
156	673
616	631
651	588
236	529
237	0
11	367
51	666
23	707
24	546
17	161
776	22
148	17
24	209
3	360
26	181
586	24
577	988
839	645
177	581
420	134
526	130
472	26
961	207
99	247
25	728
20	455
602	624
600	536
22	761
262	60
149	81
400	325
434	845
57	87
1	161
121	902
346	38
114	663
493	215
950	213
29	466
65	945
151	0
305	578
602	875
11	770
420	362
151	378
583	637
155	174
777	321
50	196
77	496
848	300
74	525
789	349
505	828
361	407
10	73
506	36
22	286
810	616
388	143
36	495
614	475
881	814
121	23
211	436
439	441
937	251
229	153
159	248
382	214
125	572
467	344
869	98
854	957
23	99
484	435
380	840
623	777
179	181
790	469
451	103
981	343
83	791
22	68
52	683
816	139
222	172
903	273
215	467
59	22
258	586
867	701
718	451
160	539
567	337
467	514
82	741
23	87
70	585
826	126
970	75
703	188
802	20
391	840
41	49
829	575
815	379
496	739
869	418
242	108
683	929
261	658
382	218
642	19
245	1
215	0
590	103
18	317
162	87
92	133
935	837
863	566
179	994
494	498
128	801
289	124
195	383
139	225
148	613
954	127
113	566
140	441
214	873
121	261
548	813
503	482
844	227
887	532
134	317
878	325
308	228
887	558
210	856
124	401
546	228
191	832
446	500
79	401
382	30
338	128
770	89
11	712
31	292
514	179
605	230
282	79
54	391
705	263
125	764
69	24
154	77
62	168
7	316
902	638
15	878
834	83
140	92
136	518
109	288
999	141
289	26
244	148
155	629
462	653
564	152
356	185
112	688
346	44
183	423
207	443
645	586
837	50
171	571
27	741
115	8
681	179
403	140
97	868
0	179
506	235
113	53
192	973
16	82
423	73
124	460
124	131
906	287
521	84
19	160
50	370
232	613
480	925
155	506
161	22
148	237
527	237
592	700
22	979
161	237
206	269
211	563
363	655
56	446
125	755
315	2
493	259
57	162
24	182
534	162
546	537
516	230
189	344
221	19
168	240
997	174
40	946
66	205
307	145
47	30
442	471
94	410
226	711
161	758
57	925
163	255
443	884
16	595
588	441
858	844
469	480
486	427
534	124
124	139
177	600
588	154
772	172
44	345
0	395
244	472
124	370
438	844
554	166
182	586
826	406
687	57
687	925
162	244
582	659
151	245
230	10
399	525
174	522
338	520
627	749
23	118
46	717
23	62
514	560
91	557
4	249
984	84
23	681
6	23
867	221
27	785
25	256
178	204
24	27
442	499
127	322
342	126
968	681
211	435
330	567
0	161
197	757
363	548
618	52
218	4
506	221
803	242
246	199
11	44
527	26
198	607
494	154
140	250
113	1
47	639
399	416
131	520
51	504
607	879
139	56
161	402
916	169
135	73
148	93
134	142
62	804
15	432
321	543
979	113
356	244
11	397
187	2
337	915
74	1
894	980
98	442
417	569
35	17
689	460
44	38
30	521
486	643
527	152
281	798
22	88
241	584
2	111
304	255
889	248
11	89
126	791
755	750
124	87
218	835
132	639
378	148
657	235
166	369
153	132
144	120
148	737
151	345
232	152
187	707
118	462
811	978
486	97
394	782
755	419
316	780
961	674
225	242
148	259
945	656
665	27
556	518
486	684
336	485
179	259
672	497
849	63
594	321
75	124
89	124
514	315
104	260
826	5
97	149
210	814
508	211
960	261
25	475
287	195
108	698
607	28
435	448
793	672
320	295
662	803
464	494
22	206
179	185
22	24
768	580
955	9
66	124
123	28
825	492
762	257
75	38
533	84
1	353
684	297
206	17
922	98
414	252
149	301
530	711
286	66
658	265
894	957
995	712
22	373
146	235
67	433
921	545
785	729
482	400
775	75
63	267
92	439
59	93
705	555
163	81
494	281
716	685
71	641
128	147
150	587
62	268
182	388
307	14
409	440
716	609
23	113
50	244
128	211
560	564
172	302
642	36
213	256
42	267
21	270
564	50
684	200
235	6
127	643
10	924
131	166
907	128
36	221
815	355
189	564
114	108
734	130
738	22
27	239
403	77
892	377
180	134
329	114
989	23
214	5
215	457
410	99
590	492
134	170
5	973
803	96
633	345
329	520
227	679
948	274
571	917
22	35
406	71
215	275
885	334
538	19
516	990
26	275
196	276
915	185
476	626
513	89
873	249
196	188
823	276
7	149
216	137
386	361
419	3
893	979
167	399
87	35
144	302
97	954
73	60
710	811
702	226
23	651
269	196
216	307
114	56
25	670
765	229
0	534
895	125
643	63
610	308
459	219
182	870
244	179
227	948
864	319
31	77
414	133
57	809
278	86
460	0
281	76
150	501
610	655
698	801
71	23
498	23
456	450
214	891
244	524
14	231
97	7
899	559
149	868
259	737
434	465
301	340
919	446
426	101
246	272
302	880
26	148
917	46
24	531
148	39
378	18
305	436
289	708
941	582
496	588
0	560
1	488
93	520
0	609
508	793
370	275
974	148
503	909
104	773
322	456
444	291
135	924
736	271
104	452
50	215
871	56
828	112
275	185
631	561
106	381
149	53
57	330
287	599
235	99
239	890
449	452
654	613
245	11
467	275
16	270
570	696
607	479
931	125
72	522
259	467
195	652
0	776
816	619
904	55
565	660
73	728
888	102
200	127
903	618
63	7
448	793
248	533
353	96
500	630
219	55
114	47
95	900
510	68
93	483
772	666
796	565
153	382
195	387
843	12
215	124
737	232
236	736
402	685
27	73
365	85
87	17
483	131
983	818
93	500
121	295
218	193
476	24
421	105
106	327
530	46
483	59
808	703
571	702
315	259
0	444
363	830
804	490
215	259
306	839
766	556
564	275
108	309
269	330
717	104
519	110
4	406
456	937
502	88
436	751
714	661
907	329
27	709
774	407
638	208
719	40
113	654
655	690
368	705
321	617
132	131
321	29
713	300
250	588
962	3
24	511
191	25
448	170
263	100
103	848
38	22
565	562
793	242
701	824
545	259
204	0
854	413
987	95
620	225
312	71
885	575
252	721
929	618
916	23
125	113
11	435
316	304
263	862
168	913
3	425
646	591
108	919
227	305
23	494
24	109
25	310
746	976
495	642
851	27
151	317
141	482
552	434
538	72
244	514
147	497
75	22
683	831
216	303
1	75
971	23
163	647
31	76
64	697
163	993
813	158
580	220
92	250
102	833
233	586
316	42
564	179
404	22
11	488
147	309
129	952
76	403
326	134
146	581
147	801
94	69
517	357
194	90
275	979
6	67
459	652
340	312
838	504
161	431
124	189
175	873
341	600
423	465
68	248
276	692
937	312
628	428
301	312
114	93
366	865
624	922
648	598
452	58
776	179
816	822
71	79
778	263
151	113
23	472
27	832
81	800
800	23
217	405
206	315
90	2
211	458
72	231
178	622
180	866
113	87
148	337
393	125
581	243
779	16
166	139
140	111
300	523
853	316
0	457
1	317
11	317
503	319
23	97
111	462
786	372
237	124
125	318
515	544
229	533
234	463
803	547
1	402
331	596
114	128
286	541
347	811
59	56
174	727
985	134
250	2
259	333
153	128
455	193
188	161
840	137
396	44
558	424
412	542
223	122
113	395
486	63
306	680
441	992
441	739
50	514
202	647
428	400
510	214
305	323
672	128
848	542
146	177
317	958
316	0
23	292
380	986
211	186
82	221
222	144
232	344
157	981
678	2
22	18
410	334
756	143
428	668
910	256
653	439
276	162
249	964
410	475
259	370
716	237
215	915
315	276
436	620
215	196
192	641
206	237
170	274
699	281
348	381
89	237
554	128
848	412
315	517
65	694
16	440
451	372
296	105
114	596
504	280
186	329
372	444
352	145
734	308
491	819
58	260
152	215
322	176
985	142
473	158
244	232
18	527
385	471
248	132
375	274
357	514
241	247
402	17
558	198
548	850
603	47
304	731
324	622
430	199
600	290
683	332
363	814
315	333
566	692
0	333
681	275
11	87
673	72
818	168
456	312
185	181
689	87
148	534
513	732
609	264
657	221
856	881
654	681
173	228
445	908
900	499
615	209
448	375
176	456
330	162
457	517
480	0
596	166
153	30
315	337
750	125
399	317
558	686
704	130
330	823
703	196
658	217
350	205
186	338
465	88
211	846
662	242
299	198
566	703
130	813
157	355
54	156
602	686
135	45
382	889
224	885
152	244
670	16
17	716
62	983
25	465
176	340
519	481
79	791
539	341
807	612
562	279
992	92
973	79
309	124
775	11
84	131
606	1
188	22
192	342
15	552
89	420
81	53
882	936
378	142
628	792
888	53
98	277
22	344
473	445
543	676
637	204
26	344
635	88
289	525
105	562
472	72
737	0
212	597
18	345
319	511
928	28
113	356
167	346
710	886
2	739
964	126
369	131
394	11
205	3
400	24
237	480
920	656
761	370
4	84
392	51
388	24
4	835
34	88
101	278
77	92
127	766
24	197
30	175
335	482
108	630
227	375
50	148
68	59
469	57
315	113
111	653
125	350
508	435
275	22
599	122
212	173
546	109
120	51
12	293
125	205
7	127
189	370
152	185
315	18
583	217
317	345
531	233
394	377
814	856
244	564
318	3
848	291
479	742
352	303
797	305
368	555
615	306
68	940
420	74
78	88
490	43
38	11
623	682
282	354
44	402
203	590
384	175
183	88
995	323
192	193
747	515
438	679
771	88
218	266
232	356
360	32
674	962
30	84
524	357
113	357
287	339
124	357
695	69
860	382
437	767
237	431
265	54
173	631
936	36
689	269
473	109
526	856
179	370
214	283
162	188
815	621
660	796
22	179
927	880
972	897
68	331
612	360
528	53
431	402
2	76
181	344
852	177
68	901
102	853
152	370
571	46
260	449
931	612
155	22
75	362
148	124
87	687
89	362
154	464
5	192
179	51
454	676
894	640
179	968
554	108
158	548
346	17
262	910
156	934
82	262
641	84
244	185
19	177
0	189
426	393
25	99
188	863
860	114
17	970
337	467
195	899
148	517
731	150
206	276
181	315
729	861
982	456
193	401
533	663
908	473
323	876
136	118
507	336
124	333
303	341
349	220
229	248
686	772
326	11
486	200
448	671
244	22
954	149
654	356
450	127
113	330
72	54
191	695
444	650
74	18
64	914
560	181
147	139
525	996
923	97
18	1
724	57
923	149
367	227
541	66
457	244
918	289
399	18
622	204
864	24
90	187
117	977
137	522
528	7
566	196
289	373
802	474
248	664
498	993
242	305
161	373
315	148
0	188
9	298
71	176
483	108
845	184
181	911
24	233
0	89
188	269
375	242
394	142
509	187
152	148
215	22
335	864
283	84
248	218
368	847
760	203
719	499
432	37
131	474
142	1
844	797
770	245
474	5
417	351
799	260
186	147
113	259
14	341
27	15
193	984
536	341
907	108
22	523
124	273
20	83
409	491
17	26
976	711
504	965
24	615
867	19
379	103
79	83
318	122
50	113
468	389
946	471
457	337
740	410
90	133
266	175
160	6
441	250
904	287
562	768
403	464
166	93
176	83
976	51
499	98
179	148
180	712
478	67
235	642
704	473
25	861
551	367
283	873
283	591
231	307
225	309
535	109
251	821
217	62
397	180
157	404
646	248
773	774
157	748
375	134
160	290
67	495
788	378
113	0
114	905
3	107
184	792
48	145
733	125
474	68
745	379
822	131
72	352
357	472
472	89
922	117
20	79
434	27
154	739
23	24
492	123
270	478
264	17
941	827
377	378
807	570
338	907
812	148
625	205
490	405
124	968
651	140
276	330
515	540
11	958
352	997
113	864
459	425
721	111
745	760
115	234
250	739
344	50
517	0
217	268
776	493
524	545
688	677
666	648
173	209
260	825
17	57
237	315
127	124
28	222
733	393
89	87
606	180
457	181
333	761
264	164
485	342
375	211
397	394
682	945
376	98
75	513
299	285
159	533
688	107
89	74
36	601
407	257
142	39
44	525
245	75
215	188
724	196
553	167
201	100
578	326
184	27
384	4
749	156
44	633
337	113
593	218
170	858
42	102
208	54
23	27
69	785
180	551
394	378
0	152
808	330
14	673
8	463
11	142
201	705
17	50
167	75
491	665
56	93
567	915
181	215
344	179
980	10
531	546
20	283
966	75
113	930
98	418
236	288
26	514
50	467
276	337
390	402
196	344
357	179
49	404
829	933
97	587
178	261
74	0
734	210
90	252
820	702
276	26
630	132
394	488
494	304
309	497
640	10
50	315
581	882
841	729
842	300
780	971
124	2
278	207
134	274
416	164
266	964
162	269
67	491
181	189
318	253
87	790
20	984
364	829
110	976
104	710
96	458
90	168
778	523
539	19
802	591
699	798
325	15
354	83
148	11
609	390
408	992
823	703
179	517
281	140
111	989
755	284
162	703
733	688
243	538
22	111
228	626
960	62
298	122
124	128
893	152
460	330
301	7
179	613
789	273
88	667
773	347
232	259
219	223
740	829
344	180
64	254
74	396
663	159
56	331
241	94
178	579
811	452
119	644
282	83
79	312
0	315
643	427
578	671
382	47
232	457
525	390
157	621
45	415
746	820
133	23
511	864
985	18
629	608
42	150
137	231
341	608
345	416
346	416
534	315
251	97
531	645
105	573
113	893
423	502
801	186
311	122
844	170
232	113
81	102
685	743
15	335
627	934
21	99
196	26
882	701
393	944
399	89
96	806
310	99
754	273
176	79
251	849
24	636
323	0
755	572
87	315
396	722
244	113
480	87
237	17
920	659
874	148
463	541
23	528
169	127
15	792
176	450
143	233
211	96
47	663
541	205
232	560
422	792
526	327
929	903
14	23
463	550
125	3
310	433
410	359
129	130
394	180
95	371
242	274
345	399
41	404
62	320
77	408
451	291
170	671
941	935
769	212
182	15
163	136
24	445
242	170
467	148
355	621
152	744
430	531
258	209
23	427
380	156
740	262
702	46
461	394
780	498
72	997
27	872
20	891
815	294
484	458
325	78
985	180
18	420
765	693
116	466
218	148
148	357
362	770
358	236
650	760
470	833
180	74
16	224
545	898
747	90
411	475
39	367
530	746
689	57
57	431
75	431
975	76
633	513
724	703
353	242
142	420
1	151
305	18
236	271
214	984
744	26
272	173
924	644
536	145
130	158
301	507
126	450
113	994
124	898
252	490
127	53
18	124
544	133
440	819
505	233
84	193
75	649
514	0
185	26
186	698
469	74
235	495
147	56
139	128
164	167
113	499
821	149
152	275
184	434
457	275
475	665
301	322
28	558
378	770
5	455
720	771
321	676
369	93
111	540
347	825
803	438
384	84
720	432
697	365
42	494
340	297
969	147
130	363
127	42
77	281
660	621
315	356
420	732
244	259
93	596
340	149
529	112
626	138
849	127
268	265
814	830
289	161
22	146
188	527
371	442
191	27
26	517
113	367
401	84
215	344
445	125
672	846
470	23
419	750
353	563
284	857
485	791
333	232
762	713
904	949
342	71
803	353
576	512
342	23
454	920
505	586
284	733
434	592
295	804
63	316
259	50
833	759
79	192
115	956
886	449
68	919
57	315
11	788
661	459
899	9
273	447
665	247
833	316
270	433
390	685
476	22
527	925
295	268
341	290
279	328
268	168
754	988
245	317
634	844
595	440
516	413
178	265
179	50
730	47
275	493
316	731
26	89
458	108
5	301
175	715
3	387
200	97
561	828
134	844
105	12
523	104
433	235
742	875
420	722
47	664
125	298
573	557
267	316
347	452
346	148
229	693
22	142
23	993
816	59
336	149
180	151
497	436
159	84
25	10
179	473
364	224
549	76
196	524
197	482
893	244
93	84
1	679
84	113
888	169
179	134
722	553
81	316
593	663
152	124
306	258
458	497
865	582
151	606
179	457
1	357
603	229
888	127
188	915
189	457
506	21
28	987
142	797
142	18
133	462
227	461
332	437
39	712
438	326
316	33
120	648
296	293
334	241
821	83
473	8
58	386
416	75
514	356
402	967
489	239
35	431
753	186
609	22
1	775
976	702
485	322
509	804
484	620
521	218
162	689
42	23
178	637
176	982
180	1
11	472
26	737
154	2
839	680
911	189
262	706
17	480
655	632
23	63
162	480
148	333
672	458
18	96
27	315
367	448
195	906
83	312
667	635
84	873
196	189
406	192
215	1
423	990
340	937
102	494
277	64
421	70
913	515
831	617
389	28
113	467
365	223
35	809
513	649
181	467
100	795
356	613
1	26
259	181
330	337
310	741
862	523
287	922
819	94
74	38
2	316
905	93
661	223
113	918
771	23
231	997
587	470
151	461
235	177
429	796
156	840
653	2
161	716
109	272
586	668
465	183
25	695
26	560
695	27
319	143
141	400
148	898
143	999
150	267
512	125
152	472
161	35
443	425
151	124
712	963
470	316
459	855
604	479
532	987
528	200
225	907
218	153
214	126
78	24
574	675
180	377
829	25
651	250
269	859
15	503
182	319
17	142
391	204
132	166
104	542
178	583
299	468
815	104
831	903
96	448
605	465
658	324
475	478
687	330
664	266
512	339
55	64
438	436
950	491
460	87
206	185
241	478
316	14
14	522
181	654
504	49
475	94
391	637
160	867
305	375
892	180
846	751
206	480
35	289
523	263
47	68
764	387
24	212
721	2
866	551
420	345
162	124
275	356
114	248
87	148
824	221
223	55
256	897
809	237
232	181
184	552
367	18
416	89
472	38
134	227
646	474
16	124
597	568
329	147
161	708
197	738
132	619
670	262
436	844
233	182
148	89
953	172
115	463
641	5
8	445
387	677
397	461
401	283
330	185
982	312
628	896
333	113
783	225
317	770
674	125
784	411
474	249
277	479
224	829
620	458
871	446
0	1
169	102
470	916
22	567
688	125
88	135
671	326
146	243
474	153
25	16
850	130
477	489
508	803
386	794
647	501
176	406
743	74
180	378
871	114
206	181
643	149
123	666
553	22
89	142
86	55
926	174
9	383
23	281
339	559
125	86
81	267
408	739
908	350
429	328
994	315
226	41
460	315
310	6
41	795
402	918
405	121
507	456
457	737
406	340
957	423
240	194
401	71
151	44
757	15
553	75
149	322
256	933
916	102
477	45
377	151
887	763
645	430
453	510
39	995
134	89
98	28
435	108
91	843
23	496
38	633
166	186
490	194
435	497
561	209
475	247
276	189
102	267
868	23
323	438
118	993
615	26
477	73
126	149
662	211
992	651
109	810
127	97
891	453
158	363
891	401
93	329
114	500
39	227
166	500
38	17
140	23
88	552
87	724
281	163
474	30
435	96
81	486
491	16
86	318
23	787
0	142
225	458
380	943
60	972
92	398
183	894
460	196
78	197
120	965
56	554
183	640
767	349
401	5
493	244
417	763
293	723
385	55
180	39
125	363
504	110
758	264
106	8
617	29
899	339
550	8
620	166
272	212
517	244
370	113
440	779
390	38
140	2
359	99
681	898
491	21
447	789
342	5
247	495
935	65
87	259
25	235
806	803
92	408
0	527
124	495
521	4
384	817
394	1
398	295
962	675
233	306
121	90
228	810
927	51
518	42
22	214
384	510
0	467
396	89
835	474
22	324
427	251
79	238
24	896
837	945
526	125
663	248
252	2
17	259
236	228
812	308
339	576
298	512
476	430
437	683
926	536
147	134
260	774
113	179
835	175
264	161
128	108
178	268
333	189
278	805
499	624
113	514
124	514
198	424
513	722
154	140
121	217
719	914
384	521
181	0
544	187
737	162
304	76
426	106
350	115
41	120
435	147
436	186
813	129
433	99
535	769
259	517
118	81
124	494
26	343
257	386
55	85
891	126
59	131
164	161
505	645
148	180
664	59
827	617
22	654
23	556
228	24
699	494
564	26
339	125
152	179
629	539
153	47
605	771
448	662
276	566
342	507
22	466
450	5
297	97
275	50
185	344
159	382
232	874
731	494
818	178
336	322
50	357
160	146
346	74
342	79
57	152
355	379
134	606
735	107
244	276
83	192
20	131
77	140
269	480
938	892
412	0
454	754
160	701
457	524
164	525
457	148
121	208
464	23
914	117
24	428
635	640
574	677
115	393
631	109
917	452
42	800
161	57
22	469
309	508
48	121
921	315
284	944
737	152
729	25
808	527
93	131
429	981
714	459
28	532
218	126
379	328
753	783
124	545
333	564
72	926
370	333
463	106
252	540
271	883
197	428
716	469
392	928
4	193
466	777
341	155
406	336
880	280
632	228
80	812
5	249
158	998
440	740
307	137
746	226
634	326
280	49
850	632
812	883
852	997
768	557
362	345
663	889
971	136
474	218
167	345
153	533
664	533
658	579
22	930
74	373
337	534
689	527
207	425
762	361
593	474
769	272
111	408
724	188
196	527
330	0
18	151
577	618
484	783
74	161
19	36
332	421
887	417
352	19
209	810
79	126
697	385
524	493
875	22
264	967
843	437
265	324
99	411
524	152
261	133
589	238
601	506
794	481
830	655
24	537
864	141
409	665
636	632
245	89
620	435
333	50
957	605
603	93
199	680
124	478
124	225
89	958
628	24
389	299
160	235
193	5
229	47
18	245
151	75
897	695
834	176
196	356
255	2
15	37
356	181
652	339
764	899
125	677
534	276
840	208
566	162
828	877
25	854
90	544
663	68
928	424
834	126
604	40
254	418
355	328
264	431
798	77
446	114
982	238
179	545
30	835
181	275
53	42
146	539
606	18
672	225
831	273
131	47
326	274
498	150
74	289
191	670
139	905
488	317
775	416
30	4
206	189
135	413
855	223
399	151
406	485
390	26
132	56
138	568
359	6
215	692
127	63
77	441
437	12
328	13
294	542
424	468
704	526
417	190
468	198
239	119
392	424
264	930
215	370
377	461
345	74
424	532
6	99
472	22
20	214
862	778
712	317
346	513
75	958
592	720
59	369
920	617
356	560
179	294
377	0
269	276
43	747
592	10
436	225
25	440
93	68
710	58
460	152
149	314
113	35
425	955
5	4
732	167
733	66
476	632
474	639
151	362
319	325
801	309
698	329
866	142
293	580
487	192
503	335
0	133
263	300
127	5
517	472
473	572
152	545
347	104
892	1
62	194
902	54
529	197
373	87
119	516
567	185
583	324
189	467
75	134
257	58
348	115
989	653
92	23
598	110
549	154
304	113
431	918
185	472
18	457
18	488
981	565
805	443
24	335
457	50
333	457
477	890
348	350
846	108
121	25
480	57
175	817
27	720
431	390
23	31
288	272
524	26
497	563
500	131
633	167
524	517
485	79
275	911
204	986
164	513
514	564
87	609
527	269
534	915
874	472
700	183
11	399
429	565
370	911
23	77
259	124
152	26
866	134
165	472
169	53
474	175
438	242
185	232
564	893
289	469
0	567
416	1
286	426
625	8
16	94
51	49
149	528
494	780
306	561
458	186
457	898
460	925
185	863
23	72
591	384
200	63
472	264
173	769
517	232
316	200
524	113
254	900
150	81
715	510
117	895
96	242
113	275
781	190
461	378
225	128
764	107
461	488
124	232
320	168
376	879
305	39
48	852
127	102
594	777
419	962
374	820
458	783
30	249
734	814
40	219
603	248
67	410
511	756
206	50
71	251
683	70
736	912
371	298
556	501
226	49
385	85
420	317
262	364
487	84
583	939
685	996
148	196
8	66
633	17
682	366
902	217
36	177
67	475
38	113
25	872
473	726
935	343
230	489
718	444
549	464
769	236
75	525
153	114
164	431
447	754
493	472
956	473
845	432
138	80
153	166
348	327
501	316
371	900
200	7
88	845
113	215
29	777
179	315
748	580
95	285
682	694
584	614
69	890
591	4
640	22
206	0
524	50
345	124
931	32
105	349
628	325
898	113
942	101
768	437
617	865
966	164
375	679
14	579
21	94
126	4
388	505
418	442
237	179
139	871
186	435
582	682
514	22
742	85
58	795
316	556
187	240
555	190
713	201
178	54
287	855
993	699
835	249
87	289
86	9
473	856
750	107
369	114
349	421
474	47
24	25
730	249
131	4
472	457
51	302
63	427
515	90
310	82
850	734
2	588
786	519
536	629
211	309
561	810
74	966
471	365
50	257
450	589
542	745
264	50
519	263
105	723
98	468
325	720
748	429
659	466
438	274
410	241
673	216
81	833
919	630
189	681
330	215
236	24
307	522
767	12
66	755
378	124
163	118
289	996
218	873
427	528
249	715
27	18
176	169
692	196
834	826
524	232
22	7
293	565
69	25
279	157
175	84
22	898
191	785
369	446
53	427
954	7
490	90
634	367
2	127
732	396
56	596
782	151
680	233
511	586
542	590
209	288
211	225
50	232
220	748
472	524
89	75
3	574
331	114
139	108
473	66
609	124
42	470
106	704
911	333
249	266
27	124
388	400
90	462
28	468
938	18
118	255
370	22
872	740
353	679
50	185
57	237
742	277
294	621
661	85
145	72
8	348
986	638
226	838
87	346
329	166
350	8
113	245
166	446
786	100
40	311
877	839
113	517
999	668
28	299
315	613
482	319
63	923
107	125
216	14
93	446
75	44
932	333
809	918
131	113
96	438
28	113
794	778
631	80
761	232
656	623
522	934
759	587
672	139
325	24
186	108
318	884
470	267
142	606
547	242
868	5
319	909
337	566
274	671
632	690
4	68
188	460
226	666
373	743
944	66
44	87
22	124
23	320
926	608
706	728
459	55
740	933
593	214
139	596
905	822
0	402
314	301
611	912
333	737
369	68
87	469
401	507
473	22
187	23
838	46
53	136
530	171
158	24
484	96
968	22
124	564
466	617
587	316
784	584
638	658
22	126
346	525
788	397
443	696
530	886
209	951
113	613
145	156
474	71
124	613
535	80
18	134
34	25
648	51
152	333
43	261
286	381
153	693
76	118
124	654
914	219
641	354
453	382
109	597
23	441
936	82
456	7
102	76
695	709
8	327
605	516
868	340
430	233
243	155
142	461
808	215
928	299
236	112
506	495
847	795
113	448
5	691
389	607
196	808
830	850
219	122
307	622
468	875
767	447
603	153
59	166
25	665
139	619
437	421
735	234
340	63
416	0
336	5
114	533
170	375
114	131
689	26
201	555
660	981
217	960
31	2
148	185
337	188
448	211
457	357
283	802
457	932
23	853
936	433
974	472
527	460
979	152
50	545
394	151
922	95
279	293
288	769
784	21
22	356
162	808
739	588
594	617
125	735
61	602
872	670
42	149
465	34
33	888
897	213
493	517
167	44
229	139
458	338
929	789
470	81
860	153
806	662
354	984
738	757
57	151
508	448
931	387
772	144
338	147
61	98
945	865
434	738
282	641
474	59
564	467
344	152
939	261
932	357
358	212
367	134
613	370
677	807
244	722
761	357
596	630
338	969
469	237
613	761
595	409
476	138
0	11
125	0
138	632
182	141
305	326
113	18
547	436
258	199
323	142
553	513
983	295
829	213
786	451
275	874
264	469
89	22
276	50
75	633
24	124
74	633
709	729
132	93
439	252
901	131
375	634
237	264
21	241
148	44
406	83
423	119
150	76
496	140
194	133
69	861
94	6
799	171
225	435
695	785
604	85
690	24
581	19
472	921
138	308
231	522
44	399
422	15
350	327
545	472
81	916
240	252
375	353
245	394
772	302
475	310
969	783
357	370
25	315
959	24
429	580
124	161
484	508
620	793
153	639
166	331
575	819
171	702
102	53
277	900
265	2
471	719
717	171
446	603
124	408
135	25
20	450
609	237
457	315
97	0
726	8
113	108
124	137
741	16
23	4
86	570
324	261
378	11
87	206
10	502
600	160
102	528
847	300
305	180
56	186
94	440
406	342
124	276
928	198
316	498
21	411
179	27
527	472
570	318
24	645
9	443
114	630
551	134
752	262
344	566
689	276
474	384
684	149
353	458
724	269
591	214
934	216
227	326
27	5
537	236
96	497
323	134
236	535
857	3
333	11
555	847
727	155
726	548
781	762
152	654
344	113
218	175
38	649
517	152
918	373
390	151
429	355
646	68
457	921
152	761
845	720
845	592
17	737
260	347
147	793
917	774
28	763
619	630
107	318
320	637
69	725
315	1
416	396
137	622
459	9
453	84
457	259
646	603
913	92
155	608
882	221
417	392
213	364
633	317
85	949
743	35
711	374
338	139
336	691
22	330
221	160
926	145
435	309
490	320
220	723
626	812
402	996
66	426
796	815
83	23
838	571
554	147
415	477
152	44
744	124
627	307
44	732
642	657
24	141
179	654
883	165
259	968
159	889
380	72
128	753
24	883
121	658
124	941
532	607
401	126
29	543
252	22
125	813
438	227
872	60
839	828
477	239
244	275
545	113
0	461
499	277
577	669
481	523
649	89
326	797
125	473
523	713
473	130
282	22
956	526
955	195
847	201
682	827
57	269
294	444
309	458
909	428
420	399
194	252
921	124
416	788
20	401
780	118
357	315
20	26
834	322
283	4
132	664
333	181
132	474
289	685
402	22
6	82
892	142
965	648
438	375
76	678
71	282
22	77
71	83
549	2
81	97
651	439
89	461
801	329
495	25
76	127
10	27
480	161
962	764
239	45
0	59
481	372
420	775
108	166
522	216
732	75
324	960
182	668
82	584
568	690
64	895
34	27
60	670
253	125
296	843
975	678
397	782
209	112
101	22
455	836
275	517
457	22
247	21
163	731
438	671
298	961
238	507
75	148
179	974
266	5
895	914
436	672
905	166
999	738
874	911
365	459
646	639
5	114
741	25
550	327
727	243
206	330
23	315
169	923
291	794
124	92
22	994
776	124
390	967
493	152
937	507
403	739
432	88
300	786
278	696
457	356
64	869
407	555
59	822
168	804
260	811
467	124
916	316
564	344
320	187
404	110
860	59
517	124
654	333
869	442
380	208
301	937
800	267
460	269
60	752
132	186
316	888
692	188
56	338
269	315
148	188
331	186
242	508
760	568
242	679
669	52
285	376
336	238
337	215
164	11
462	2
204	208
82	478
950	262
315	681
564	185
301	176
19	174
534	22
899	955
9	599
387	612
681	259
489	27
715	266
315	493
22	935
420	17
238	322
676	988
448	22
301	83
161	918
21	584
206	859
74	402
517	22
83	456
324	208
128	309
163	154
124	685
113	5
0	394
883	655
11	151
151	22
585	789
189	179
401	455
402	87
413	725
768	429
51	598
813	473
431	0
337	863
170	438
398	62
479	442
865	682
409	16
683	91
237	289
491	595
431	480
37	980
16	6
783	108
11	420
477	725
22	689
43	194
24	839
762	386
631	246
22	152
254	125
236	690
23	150
2	92
181	337
301	923
626	165
118	267
300	481
87	22
512	599
511	143
867	581
703	692
480	527
112	736
275	148
563	508
564	493
22	1
715	384
59	693
657	36
867	539
89	317
908	327
178	62
2	439
584	411
432	239
116	903
116	577
56	907
601	6
28	351
259	185
142	113
403	154
124	1
45	230
589	982
305	438
756	24
241	614
534	113
594	466
572	426
447	52
268	261
543	903
361	710
18	39
367	876
464	111
436	484
177	701
270	241
136	150
614	82
509	90
54	14
2	992
108	940
593	159
996	17
567	863
934	749
700	771
614	359
12	573
927	49
958	399
148	689
668	680
262	27
953	492
237	460
771	667
57	276
560	113
400	503
567	189
305	671
486	169
800	888
239	135
323	634
448	948
330	188
22	72
0	493
242	806
313	100
124	560
600	155
537	271
156	48
112	546
286	107
131	446
281	150
633	346
859	460
159	218
208	902
921	113
360	318
559	576
216	986
740	334
665	334
554	520
834	589
600	19
725	25
820	171
595	25
265	939
514	344
681	524
152	259
877	531
388	586
959	141
638	137
388	628
323	39
477	24
323	578
373	431
520	147
79	691
415	924
801	108
449	711
335	141
549	678
346	966
227	995
334	21
457	994
334	409
189	472
108	56
261	405
481	650
185	196
937	314
159	603
831	70
677	3
119	845
17	553
501	787
461	606
748	565
323	712
485	5
907	497
676	754
365	64
124	279
638	622
276	87
872	262
752	728
708	716
851	709
305	367
762	104
23	267
453	715
250	111
6	21
545	315
546	236
753	554
177	243
731	136
588	92
388	428
734	3
570	443
279	745
1	438
96	547
806	305
93	139
737	493
152	874
159	83
628	738
47	159
467	269
201	190
944	733
414	90
25	740
424	887
100	713
185	333
118	494
977	719
925	17
779	575
568	476
895	719
402	373
0	153
24	668
832	991
535	112
422	184
415	119
69	27
22	681
545	22
464	739
113	25
383	559
644	854
540	721
269	185
414	913
430	828
665	16
87	39
232	189
232	467
621	748
323	227
86	807
354	4
160	882
647	102
349	723
148	545
63	22
720	37
74	164
770	142
690	228
514	460
752	25
73	725
163	316
79	322
0	166
334	224
315	89
4	59
303	155
765	153
162	514
196	244
167	513
529	24
579	204
416	420
55	311
194	295
824	36
606	11
536	727
390	743
25	6
354	20
551	170
641	455
979	874
709	25
752	933
114	765
853	42
215	560
832	477
521	802
179	737
156	216
700	465
545	681
991	119
63	800
96	436
619	905
162	527
486	149
704	8
587	102
4	593
788	180
809	87
722	74
22	237
1	732
830	998
374	41
691	342
8	381
677	612
524	188
334	440
713	368
222	927
306	645
215	244
405	62
270	784
784	491
566	269
971	798
841	25
404	492
356	0
162	181
370	148
418	385
148	654
775	396
474	126
426	205
348	106
582	366
548	473
631	212
620	846
449	104
306	209
292	140
514	181
610	636
57	113
135	644
449	917
132	47
738	24
1	525
25	82
906	652
143	78
401	354
875	624
76	739
94	665
427	97
398	43
587	113
124	275
443	86
225	329
384	266
28	569
280	648
237	87
724	162
948	353
439	77
21	741
290	235
457	514
438	353
477	861
676	683
738	37
373	35
649	167
904	906
333	893
672	309
20	5
102	7
44	970
94	364
517	968
26	357
245	22
457	744
174	341
461	317
650	294
333	517
492	746
67	21
96	227
852	627
681	333
22	51
315	968
322	982
192	401
514	189
158	814
695	670
201	313
75	0
931	3
717	746
314	97
478	235
975	798
121	216
448	227
113	460
467	22
74	75
198	879
496	651
133	2
356	124
624	686
114	132
54	943
22	242
334	475
359	241
292	721
730	453
724	22
451	519
368	190
859	276
0	761
38	722
6	495
574	360
484	751
226	820
830	734
136	316
225	751
435	801
232	26
148	776
61	987
83	691
737	124
288	537
54	121
575	740
115	445
152	315
132	229
846	436
271	611
281	316
238	834
165	476
167	420
697	904
499	254
167	87
652	287
366	656
296	767
47	175
894	465
598	120
363	129
127	486
450	322
183	605
524	333
68	30
682	395
220	293
912	535
957	183
684	81
474	114
884	961
174	307
164	346
22	135
103	372
164	38
18	323
617	116
196	534
16	21
319	959
297	200
613	524
312	176
169	297
88	700
148	317
323	89
214	84
717	976
358	912
219	661
289	22
343	623
942	66
432	878
330	467
930	469
472	124
473	541
1	578
677	101
349	557
795	762
171	976
558	222
224	6
71	238
742	442
113	493
428	422
179	356
7	849
589	336
120	302
125	855
24	505
973	836
367	142
76	441
87	472
344	692
991	135
479	117
473	550
274	353
564	215
725	135
567	514
825	190
417	880
253	3
301	251
23	766
133	324
314	23
200	0
627	72
493	148
830	130
317	75
462	989
645	668
726	158
361	257
660	105
398	983
370	26
506	581
105	768
773	717
57	124
287	298
143	141
292	462
371	64
238	301
359	475
324	178
612	318
118	304
340	238
229	639
793	96
378	22
633	649
206	162
802	84
840	204
638	637
493	457
858	305
333	1
50	189
736	535
846	438
315	472
775	167
703	87
670	779
724	276
560	185
659	0
660	22
148	24
518	759
667	183
449	774
371	376
454	988
156	231
165	610
211	242
913	23
781	842
142	179
188	567
671	679
455	973
689	188
71	691
408	140
179	932
326	353
455	126
423	605
457	613
499	742
549	118
113	75
516	10
67	82
24	909
67	584
620	497
200	169
555	313
467	357
509	240
125	124
285	624
582	65
521	382
143	668
681	113
264	708
160	581
625	66
670	972
304	498
814	129
813	210
296	220
518	316
974	681
876	995
328	621
124	344
886	825
338	554
296	349
159	693
357	181
966	402
1	633
316	643
44	649
251	406
96	166
681	737
88	605
338	108
139	630
634	305
646	229
315	932
489	25
652	576
317	788
317	394
322	589
118	63
913	133
32	3
294	745
451	444
714	22
122	55
581	600
248	153
242	0
431	87
585	447
516	183
166	698
179	196
851	695
29	682
502	119
323	1
23	684
7	427
373	26
237	74
888	202
605	27
23	540
822	166
919	331
951	615
435	128
897	27
709	477
83	336
613	50
691	126
48	637
142	50
197	15
709	841
177	155
38	89
399	362
692	460
540	2
711	799
221	495
901	369
747	509
2	118
931	253
377	1
737	113
370	524
28	686
113	185
189	560
981	723
714	195
932	472
259	26
662	96
269	0
275	613
616	246
297	149
84	23
993	494
14	934
949	895
588	77
666	965
836	342
144	172
117	64
81	42
114	901
706	213
613	493
992	140
507	312
115	908
113	116
903	754
949	946
113	11
327	125
728	256
227	124
204	121
644	415
493	921
162	185
169	97
170	797
324	579
588	111
132	369
818	90
3	443
896	422
22	613
175	510
465	990
604	122
578	367
374	799
389	686
287	576
799	46
242	227
467	152
681	215
884	425
524	124
516	502
330	196
473	205
620	22
265	583
758	35
225	484
364	779
662	948
16	99
360	884
148	192
290	146
179	524
47	248
948	803
438	508
750	942
124	149
180	963
272	611
635	700
677	253
398	252
25	410
406	450
419	286
297	63
384	214
285	61
17	493
448	274
206	527
850	363
704	115
490	240
107	419
206	11
472	654
155	290
90	913
124	343
547	448
398	405
376	61
501	470
458	801
543	777
613	259
87	179
826	83
609	687
100	978
413	640
744	370
24	947
125	942
5	0
333	215
0	469
58	825
527	57
333	17
613	215
237	790
288	212
891	5
796	379
637	943
271	24
242	436
977	40
361	811
11	375
416	148
546	736
62	490
819	740
510	30
186	128
502	34
724	823
38	57
625	234
473	350
1	17
626	80
213	60
503	738
23	462
24	952
24	881
344	244
988	777
148	356
495	433
370	654
414	515
489	119
987	98
751	211
50	395
67	247
333	344
74	362
315	185
938	985
218	664
160	642
609	469
799	838
473	129
663	603
821	312
70	669
18	148
114	619
457	26
92	292
806	563
64	900
712	18
654	259
447	618
247	270
797	671
38	1
655	998
179	25
392	887
377	606
122	385
927	772
30	266
493	124
22	216
136	76
517	50
89	788
190	795
106	473
493	179
324	204
203	103
126	817
516	854
529	109
954	821
741	475
136	498
446	940
233	645
154	441
242	448
206	790
275	179
689	124
578	134
714	85
329	338
503	511
215	514
264	1
266	283
48	174
811	386
406	79
168	23
824	657
558	763
644	25
762	190
99	478
540	187
115	550
229	68
30	715
289	164
309	436
725	415
771	25
192	836
383	906
174	72
439	23
300	705
463	473
142	377
826	485
260	773
561	616
181	566
357	215
288	24
325	422
613	152
590	718
817	20
23	316
511	430
958	394
50	87
475	6
790	930
665	99
120	123
177	48
215	26
669	843
221	601
73	239
256	706
572	942
759	470
522	627
37	592
438	211
544	23
679	858
71	336
493	23
68	131
124	510
442	64
787	647
124	134
628	78
472	333
23	398
76	798
590	848
274	634
414	747
681	26
465	413
589	314
27	119
626	308
564	472
564	22
554	59
460	162
147	816
166	4
989	540
97	340
87	161
309	96
551	227
283	453
179	124
766	787
126	836
114	483
798	23
649	1
164	967
810	24
632	0
106	856
563	448
535	24
202	304
52	585
273	70
136	699
587	647
113	472
344	357
89	457
146	538
233	839
23	450
45	413
136	255
475	433
4	79
638	840
0	874
804	983
346	1
560	179
60	22
124	270
855	661
109	138
258	877
829	910
432	495
123	144
697	311
187	747
607	928
628	197
572	541
371	277
566	22
22	737
257	260
944	125
573	843
208	391
237	925
324	217
317	416
326	367
333	356
440	27
760	355
999	182
591	474
479	418
142	180
461	75
22	446
861	239
366	694
560	467
102	731
566	534
663	860
64	479
693	603
372	291
701	19
89	394
619	500
406	297
543	577
285	742
768	573
385	219
201	862
188	26
100	368
654	517
439	292
151	866
286	80
2	0
244	124
56	816
406	5
553	87
542	103
159	474
493	681
580	315
798	494
40	64
306	143
141	756
865	29
337	244
473	568
27	991
557	332
862	842
317	179
24	812
174	852
791	5
59	186
337	185
133	187
289	758
124	761
202	787
683	669
681	457
691	826
975	403
34	854
24	0
550	348
632	998
428	896
588	23
447	203
457	467
611	597
255	494
559	955
560	244
276	185
177	536
192	282
445	856
42	97
977	742
54	324
959	143
816	93
17	113
80	883
473	348
124	188
181	244
125	857
905	446
464	140
189	337
671	858
692	189
965	404
871	596
205	286
451	203
71	973
127	83
780	304
78	792
22	134
282	20
58	978
629	926
253	574
338	436
335	896
68	860
132	446
972	728
438	662
373	685
501	102
323	397
299	887
122	459
279	565
980	27
356	259
125	961
821	314
833	587
331	147
215	57
135	99
396	420
692	863
191	709
703	330
719	949
757	325
151	770
738	15
145	14
364	740
359	94
85	559
377	317
803	563
656	935
727	303
716	809
611	24
982	301
17	708
618	296
790	687
305	274
610	138
406	868
63	251
168	133
416	44
729	191
731	971
322	5
954	849
102	316
69	709
629	341
457	124
162	113
727	48
377	134
474	84
50	685
85	219
646	693
241	741
275	189
335	422
336	126
388	870
241	475
228	271
956	8
106	148
113	567
951	810
474	382
885	409
26	874
488	22
106	625
912	236
145	174
178	121
738	422
181	915
373	237
392	569
270	99
388	668
474	521
193	282
113	181
453	964
538	160
737	315
706	25
476	655
243	701
148	5
10	605
625	473
99	741
28	392
0	162
20	248
572	574
163	150
627	48
397	317
93	619
368	65
76	23
578	876
858	438
47	889
639	59
938	866
306	246
567	534
130	726
445	327
595	575
309	620
125	207
173	112
775	89
206	188
488	180
883	626
62	240
27	493
76	494
43	960
832	25
589	79
181	460
227	634
793	211
21	409
88	37
705	710
391	622
251	456
15	428
206	493
498	699
125	109
178	405
406	589
356	472
473	881
45	119
139	753
789	70
547	662
258	615
247	411
817	453
558	607
119	10
651	77
877	680
681	50
698	128
685	264
454	577
823	162
397	1
829	262
776	315
410	614
0	134
84	715
89	397
741	247
180	461
779	885
358	112
472	440
738	792
604	977
520	166
249	214
498	202
657	6
469	161
386	710
413	423
797	858
47	533
323	113
785	73
80	690
51	98
0	613
901	132
935	694
22	824
179	215
109	358
81	888
394	420
282	342
874	893
879	285
142	938
1	170
780	163
90	707
158	129
851	191
417	28
23	54
344	567
234	908
71	193
113	276
148	681
331	139
816	446
249	453
50	703
339	298
301	868
885	595
609	57
344	915
419	284
553	74
608	174
292	111
754	682
918	17
685	22
518	833
232	893
621	745
11	578
757	628
803	448
26	189
87	493
309	907
448	438
820	449
251	127
295	62
571	530
946	604
124	698
909	896
809	264
817	510
425	674
759	916
196	0
425	125
24	125
529	537
526	212
510	266
808	269
809	402
26	333
322	821
151	89
956	856
387	207
75	396
79	5
268	320
24	870
17	373
316	53
31	403
393	284
906	899
952	130
688	253
152	189
932	113
950	256
863	189
315	244
150	647
7	251
58	347
643	81
132	4
38	396
822	114
89	551
593	248
590	412
223	385
388	141
26	460
206	124
354	487
315	370
205	101
112	597
142	75
733	426
806	211
427	81
815	565
687	206
688	101
794	862
553	346
370	457
708	35
121	265
318	443
127	297
131	905
132	905
433	6
273	683
557	421
293	105
613	517
5	510
259	524
527	124
234	473
131	128
925	269
834	336
1	782
469	809
801	907
148	206
289	44
244	0
8	908
671	634
637	54
538	539
124	44
351	51
342	83
863	196
189	330
946	85
71	84
438	948
524	0
14	72
460	206
126	193
818	405
187	464
25	910
147	108
598	504
113	911
651	111
696	805
718	291
289	966
602	389
568	537
809	609
613	357
235	82
885	740
630	871
275	344
534	863
218	47
287	899
534	26
462	496
516	88
11	134
468	879
40	223
972	27
735	677
25	213
352	48
758	17
717	226
151	712
450	834
840	216
76	464
493	232
829	124
450	71
106	550
180	0
643	7
172	351
195	125
763	61
244	333
744	22
229	93
911	232
568	236
26	244
808	460
102	33
93	646
460	57
25	819
827	865
24	631
806	448
921	0
95	98
411	25
967	758
207	32
251	297
749	231
13	815
842	705
271	546
425	86
782	89
933	213
446	619
264	716
796	157
373	390
436	458
472	105
890	25
155	522
773	825
417	389
172	28
835	715
135	230
346	89
206	808
229	474
485	126
14	627
215	185
178	217
251	923
235	19
766	202
238	63
37	24
73	124
46	786
826	20
398	268
180	399
609	460
414	540
26	859
579	265
116	321
410	247
471	95
23	992
980	24
433	82
4	47
804	622
198	569
925	930
116	682
205	106
108	131
586	870
703	189
736	24
2	515
841	861
183	45
315	974
317	180
112	109
822	446
447	929
840	986
269	457
166	147
280	123
470	102
678	118
357	259
914	949
381	350
73	230
171	711
703	276
480	687
540	707
732	345
529	912
25	183
443	931
971	118
741	67
75	722
75	164
22	81
89	180
91	573
47	93
6	247
776	152
108	619
765	860
137	14
881	956
139	446
254	95
150	118
92	441
415	230
237	113
629	727
239	725
131	630
281	975
99	67
837	827
285	922
377	89
88	184
829	16
727	352
520	108
391	902
896	503
238	176
896	400
669	91
396	346
613	545
252	707
202	150
220	562
821	297
898	179
469	687
72	177
146	174
662	563
34	432
687	930
134	44
307	673
23	261
133	747
358	611
80	236
794	519
317	367
20	487
953	351
714	855
107	857
329	783
483	940
123	172
137	380
124	366
675	234
203	372
28	602
83	450
763	222
374	171
126	266
462	441
743	161
173	616
127	301
442	277
354	193
112	912
22	600
603	639
23	43
601	495
232	215
121	997
229	131
5	984
365	376
97	684
246	947
32	570
801	620
557	437
781	257
209	199
659	945
953	144
264	74
86	207
255	23
48	14
599	125
770	420
898	737
246	561
457	573
547	326
718	203
556	150
111	133
212	535
17	22
125	23
233	959
692	534
649	420
553	1
259	898
221	235
843	52
587	518
932	524
34	990
513	0
80	610
206	161
22	460
23	678
881	129
25	950
26	613
213	740
399	1
45	489
641	193
667	25
51	28
427	200
476	690
192	20
24	173
114	940
836	83
963	227
424	299
4	266
20	342
51	123
279	796
391	240
576	383
664	889
82	146
17	18
295	490
11	876
281	304
378	245
292	739
297	954
21	25
317	38
929	91
644	230
782	461
24	769
599	955
474	664
870	531
251	486
550	908
563	96
280	965
22	421
920	865
15	88
35	164
980	957
756	959
866	712
624	222
312	127
315	22
147	225
345	958
346	722
189	357
759	102
184	15
169	643
186	907
158	734
921	179
951	631
439	739
189	215
473	526
114	969
3	764
397	377
924	230
237	708
260	361
864	756
674	931
466	682
19	601
145	155
307	380
234	426
778	842
96	147
687	527
148	134
475	99
185	467
315	232
313	190
824	243
576	899
288	947
323	963
18	963
59	593
31	494
60	27
820	260
510	4
498	118
799	820
528	486
867	25
689	859
57	22
45	27
310	16
460	480
305	170
831	988
316	766
317	782
994	472
909	400
351	222
194	23
866	461
467	681
758	469
684	312
472	181
661	365
795	407
185	514
679	448
107	284
457	968
128	458
244	467
139	969
472	681
4	474
35	790
698	907
672	484
785	709
131	153
142	227
695	60
169	81
5	84
915	189
275	232
31	250
54	217
142	448
549	77
39	134
240	414
375	96
802	730
911	457
818	62
545	493
933	910
432	552
0	56
131	248
110	492
15	24
302	927
454	594
418	742
527	859
898	974
694	941
295	818
188	566
293	332
921	737
549	403
776	113
869	719
406	691
4	382
95	376
939	178
237	687
609	708
81	76
870	143
469	431
113	74
646	131
580	981
708	87
309	242
781	313
124	656
979	244
323	274
381	850
163	494
919	596
480	859
84	817
354	126
924	991
673	522
610	476
244	189
364	575
8	22
276	22
89	264
474	20
284	125
61	922
529	358
654	0
932	0
987	376
25	785
252	133
222	953
84	730
473	165
738	325
818	268
778	372
737	472
598	49
509	414
380	673
6	146
9	714
469	26
669	585
384	730
907	147
524	315
11	75
916	267
33	163
337	196
312	322
126	984
151	26
349	437
851	841
1	259
790	124
467	370
240	721
115	106
20	591
161	420
905	500
18	11
57	148
243	19
86	805
910	706
295	168
775	461
202	267
124	74
234	626
102	23
718	519
550	445
341	145
936	221
264	44
197	878
415	10
931	107
513	44
978	407
133	989
59	218
638	265
84	891
161	687
140	549
405	939
735	857
144	880
118	766
221	146
545	26
496	250
854	119
0	472
24	999
511	959
76	77
823	692
243	290
603	132
457	196
995	963
472	196
97	643
185	692
501	163
493	333
628	184
113	189
87	925
80	473
588	140
38	345
147	124
911	356
914	977
921	994
922	602
991	25
419	101
809	708
126	84
84	20
602	900
826	641
722	17
533	266
583	121
390	996
35	402
872	69
323	367
305	96
846	458
33	53
183	73
27	819
476	636
309	329
425	9
986	54
805	599
105	767
272	529
536	155
697	219
149	200
535	597
444	190
724	808
118	699
11	242
617	777
73	25
167	74
585	332
